4
0.25
6 3 0 1 0 0
6 4 0 1 0 0
6 5 0 1 0 0
6 6 0 1 0 0
6 7 0 1 0 0
6 8 0 1 0 0
6 9 0 1 0 0
6 10 0 1 0 0
6 11 0 1 0 0
6 12 0 1 0 0
7 3 0 1 0 0
7 3 1 1 0 0
7 4 0 1 0 0
7 4 1 1 0 0
7 5 0 1 0 0
7 5 1 1 0 0
7 6 0 1 0 0
7 6 1 1 0 0
7 7 0 1 0 0
7 7 1 1 0 0
7 8 0 1 0 0
7 8 1 1 0 0
7 9 0 1 0 0
7 9 1 1 0 0
7 10 0 1 0 0
7 10 1 1 0 0
7 11 0 1 0 0
7 11 1 1 0 0
7 12 0 1 0 0
7 12 1 1 0 0
8 3 0 1 0 0
8 3 1 1 0 0
8 3 2 1 0 0
8 4 0 1 0 0
8 4 1 1 0 0
8 4 2 1 0 0
8 5 0 1 0 0
8 5 1 1 0 0
8 5 2 1 0 0
8 6 0 1 0 0
8 6 1 1 0 0
8 6 2 1 0 0
8 7 0 1 0 0
8 7 1 1 0 0
8 7 2 1 0 0
8 8 0 1 0 0
8 8 1 1 0 0
8 8 2 1 0 0
8 9 0 1 0 0
8 9 1 1 0 0
8 9 2 1 0 0
8 10 0 1 0 0
8 10 1 1 0 0
8 10 2 1 0 0
8 11 0 1 0 0
8 11 1 1 0 0
8 11 2 1 0 0
8 12 0 1 0 0
8 12 1 1 0 0
8 12 2 1 0 0
9 3 0 1 0 0
9 3 1 1 0 0
9 3 2 1 0 0
9 3 3 1 0 0
9 4 0 1 0 0
9 4 1 1 0 0
9 4 2 1 0 0
9 4 3 1 0 0
9 5 0 1 0 0
9 5 1 1 0 0
9 5 2 1 0 0
9 5 3 1 0 0
9 6 0 1 0 0
9 6 1 1 0 0
9 6 2 1 0 0
9 6 3 1 0 0
9 7 0 1 0 0
9 7 1 1 0 0
9 7 2 1 0 0
9 7 3 1 0 0
9 8 0 1 0 0
9 8 1 1 0 0
9 8 2 1 0 0
9 8 3 1 0 0
9 9 0 1 0 0
9 9 1 1 0 0
9 9 2 1 0 0
9 9 3 1 0 0
9 10 0 1 0 0
9 10 1 1 0 0
9 10 2 1 0 0
9 10 3 1 0 0
9 11 0 1 0 0
9 11 1 1 0 0
9 11 2 1 0 0
9 11 3 1 0 0
9 12 0 1 0 0
9 12 1 1 0 0
9 12 2 1 0 0
9 12 3 1 0 0
10 3 0 1 0 0
10 3 1 1 0 0
10 3 2 1 0 0
10 3 3 1 0 0
10 3 4 1 0 0
10 4 0 1 0 0
10 4 1 1 0 0
10 4 2 1 0 0
10 4 3 1 0 0
10 4 4 1 0 0
10 5 0 1 0 0
10 5 1 1 0 0
10 5 2 1 0 0
10 5 3 1 0 0
10 5 4 1 0 0
10 6 0 1 0 0
10 6 1 1 0 0
10 6 2 1 0 0
10 6 3 1 0 0
10 6 4 1 0 0
10 7 0 1 0 0
10 7 1 1 0 0
10 7 2 1 0 0
10 7 3 1 0 0
10 7 4 1 0 0
10 8 0 1 0 0
10 8 1 1 0 0
10 8 2 1 0 0
10 8 3 1 0 0
10 8 4 1 0 0
10 9 0 1 0 0
10 9 1 1 0 0
10 9 2 1 0 0
10 9 3 1 0 0
10 9 4 1 0 0
10 10 0 1 0 0
10 10 1 1 0 0
10 10 2 1 0 0
10 10 3 1 0 0
10 10 4 1 0 0
10 11 0 1 0 0
10 11 1 1 0 0
10 11 2 1 0 0
10 11 3 1 0 0
10 11 4 1 0 0
10 12 0 1 0 0
10 12 1 1 0 0
10 12 2 1 0 0
10 12 3 1 0 0
10 12 4 1 0 0
11 3 0 1 0 0
11 3 1 1 0 0
11 3 2 1 0 0
11 3 3 1 0 0
11 3 4 1 0 0
11 3 5 1 0 0
11 4 0 1 0 0
11 4 1 1 0 0
11 4 2 1 0 0
11 4 3 1 0 0
11 4 4 1 0 0
11 4 5 1 0 0
11 5 0 1 0 0
11 5 1 1 0 0
11 5 2 1 0 0
11 5 3 1 0 0
11 5 4 1 0 0
11 5 5 1 0 0
11 6 0 1 0 0
11 6 1 1 0 0
11 6 2 1 0 0
11 6 3 1 0 0
11 6 4 1 0 0
11 6 5 1 0 0
11 7 0 1 0 0
11 7 1 1 0 0
11 7 2 1 0 0
11 7 3 1 0 0
11 7 4 1 0 0
11 7 5 1 0 0
11 8 0 1 0 0
11 8 1 1 0 0
11 8 2 1 0 0
11 8 3 1 0 0
11 8 4 1 0 0
11 8 5 1 0 0
11 9 0 1 0 0
11 9 1 1 0 0
11 9 2 1 0 0
11 9 3 1 0 0
11 9 4 1 0 0
11 9 5 1 0 0
11 10 0 1 0 0
11 10 1 1 0 0
11 10 2 1 0 0
11 10 3 1 0 0
11 10 4 1 0 0
11 10 5 1 0 0
11 11 0 1 0 0
11 11 1 1 0 0
11 11 2 1 0 0
11 11 3 1 0 0
11 11 4 1 0 0
11 11 5 1 0 0
11 12 0 1 0 0
11 12 1 1 0 0
11 12 2 1 0 0
11 12 3 1 0 0
11 12 4 1 0 0
11 12 5 1 0 0
12 3 0 1 0 0
12 3 1 1 0 0
12 3 2 1 0 0
12 3 3 1 0 0
12 3 4 1 0 0
12 3 5 1 0 0
12 3 6 1 0 0
12 4 0 1 0 0
12 4 1 1 0 0
12 4 2 1 0 0
12 4 3 1 0 0
12 4 4 1 0 0
12 4 5 1 0 0
12 4 6 1 0 0
12 5 0 1 0 0
12 5 1 1 0 0
12 5 2 1 0 0
12 5 3 1 0 0
12 5 4 1 0 0
12 5 5 1 0 0
12 5 6 1 0 0
12 6 0 1 0 0
12 6 1 1 0 0
12 6 2 1 0 0
12 6 3 1 0 0
12 6 4 1 0 0
12 6 5 1 0 0
12 6 6 1 0 0
12 7 0 1 0 0
12 7 1 1 0 0
12 7 2 1 0 0
12 7 3 1 0 0
12 7 4 1 0 0
12 7 5 1 0 0
12 7 6 1 0 0
12 8 0 1 0 0
12 8 1 1 0 0
12 8 2 1 0 0
12 8 3 1 0 0
12 8 4 1 0 0
12 8 5 1 0 0
12 8 6 1 0 0
12 9 0 1 0 0
12 9 1 1 0 0
12 9 2 1 0 0
12 9 3 1 0 0
12 9 4 1 0 0
12 9 5 1 0 0
12 9 6 1 0 0
12 10 0 1 0 0
12 10 1 1 0 0
12 10 2 1 0 0
12 10 3 1 0 0
12 10 4 1 0 0
12 10 5 1 0 0
12 10 6 1 0 0
12 11 0 1 0 0
12 11 1 1 0 0
12 11 2 1 0 0
12 11 3 1 0 0
12 11 4 1 0 0
12 11 5 1 0 0
12 11 6 1 0 0
12 12 0 1 0 0
12 12 1 1 0 0
12 12 2 1 0 0
12 12 3 1 0 0
12 12 4 1 0 0
12 12 5 1 0 0
12 12 6 1 0 0
13 3 0 1 0 0
13 3 1 1 0 0
13 3 2 1 0 0
13 3 3 1 0 0
13 3 4 1 0 0
13 3 5 1 0 0
13 3 6 1 0 0
13 3 7 1 0 0
13 4 0 1 0 0
13 4 1 1 0 0
13 4 2 1 0 0
13 4 3 1 0 0
13 4 4 1 0 0
13 4 5 1 0 0
13 4 6 1 0 0
13 4 7 1 0 0
13 5 0 1 0 0
13 5 1 1 0 0
13 5 2 1 0 0
13 5 3 1 0 0
13 5 4 1 0 0
13 5 5 1 0 0
13 5 6 1 0 0
13 5 7 1 0 0
13 6 0 1 0 0
13 6 1 1 0 0
13 6 2 1 0 0
13 6 3 1 0 0
13 6 4 1 0 0
13 6 5 1 0 0
13 6 6 1 0 0
13 6 7 1 0 0
13 7 0 1 0 0
13 7 1 1 0 0
13 7 2 1 0 0
13 7 3 1 0 0
13 7 4 1 0 0
13 7 5 1 0 0
13 7 6 1 0 0
13 7 7 1 0 0
13 8 0 1 0 0
13 8 1 1 0 0
13 8 2 1 0 0
13 8 3 1 0 0
13 8 4 1 0 0
13 8 5 1 0 0
13 8 6 1 0 0
13 8 7 1 0 0
13 9 0 1 0 0
13 9 1 1 0 0
13 9 2 1 0 0
13 9 3 1 0 0
13 9 4 1 0 0
13 9 5 1 0 0
13 9 6 1 0 0
13 9 7 1 0 0
13 10 0 1 0 0
13 10 1 1 0 0
13 10 2 1 0 0
13 10 3 1 0 0
13 10 4 1 0 0
13 10 5 1 0 0
13 10 6 1 0 0
13 10 7 1 0 0
13 11 0 1 0 0
13 11 1 1 0 0
13 11 2 1 0 0
13 11 3 1 0 0
13 11 4 1 0 0
13 11 5 1 0 0
13 11 6 1 0 0
13 11 7 1 0 0
13 12 0 1 0 0
13 12 1 1 0 0
13 12 2 1 0 0
13 12 3 1 0 0
13 12 4 1 0 0
13 12 5 1 0 0
13 12 6 1 0 0
13 12 7 1 0 0
14 3 1 1 0 0
14 3 2 1 0 0
14 3 3 1 0 0
14 3 4 1 0 0
14 3 5 1 0 0
14 3 6 1 0 0
14 3 7 1 0 0
14 3 8 1 0 0
14 4 1 1 0 0
14 4 2 1 0 0
14 4 3 1 0 0
14 4 4 1 0 0
14 4 5 1 0 0
14 4 6 1 0 0
14 4 7 1 0 0
14 4 8 1 0 0
14 5 1 1 0 0
14 5 2 1 0 0
14 5 3 1 0 0
14 5 4 1 0 0
14 5 5 1 0 0
14 5 6 1 0 0
14 5 7 1 0 0
14 5 8 1 0 0
14 6 1 1 0 0
14 6 2 1 0 0
14 6 3 1 0 0
14 6 4 1 0 0
14 6 5 1 0 0
14 6 6 1 0 0
14 6 7 1 0 0
14 6 8 1 0 0
14 7 1 1 0 0
14 7 2 1 0 0
14 7 3 1 0 0
14 7 4 1 0 0
14 7 5 1 0 0
14 7 6 1 0 0
14 7 7 1 0 0
14 7 8 1 0 0
14 8 1 1 0 0
14 8 2 1 0 0
14 8 3 1 0 0
14 8 4 1 0 0
14 8 5 1 0 0
14 8 6 1 0 0
14 8 7 1 0 0
14 8 8 1 0 0
14 9 1 1 0 0
14 9 2 1 0 0
14 9 3 1 0 0
14 9 4 1 0 0
14 9 5 1 0 0
14 9 6 1 0 0
14 9 7 1 0 0
14 9 8 1 0 0
14 10 1 1 0 0
14 10 2 1 0 0
14 10 3 1 0 0
14 10 4 1 0 0
14 10 5 1 0 0
14 10 6 1 0 0
14 10 7 1 0 0
14 10 8 1 0 0
14 11 1 1 0 0
14 11 2 1 0 0
14 11 3 1 0 0
14 11 4 1 0 0
14 11 5 1 0 0
14 11 6 1 0 0
14 11 7 1 0 0
14 11 8 1 0 0
14 12 1 1 0 0
14 12 2 1 0 0
14 12 3 1 0 0
14 12 4 1 0 0
14 12 5 1 0 0
14 12 6 1 0 0
14 12 7 1 0 0
14 12 8 1 0 0
15 3 2 1 0 0
15 3 3 1 0 0
15 3 4 1 0 0
15 3 5 1 0 0
15 3 6 1 0 0
15 3 7 1 0 0
15 3 8 1 0 0
15 3 9 1 0 0
15 4 2 1 0 0
15 4 3 1 0 0
15 4 4 1 0 0
15 4 5 1 0 0
15 4 6 1 0 0
15 4 7 1 0 0
15 4 8 1 0 0
15 4 9 1 0 0
15 5 2 1 0 0
15 5 3 1 0 0
15 5 4 1 0 0
15 5 5 1 0 0
15 5 6 1 0 0
15 5 7 1 0 0
15 5 8 1 0 0
15 5 9 1 0 0
15 6 2 1 0 0
15 6 3 1 0 0
15 6 4 1 0 0
15 6 5 1 0 0
15 6 6 1 0 0
15 6 7 1 0 0
15 6 8 1 0 0
15 6 9 1 0 0
15 7 2 1 0 0
15 7 3 1 0 0
15 7 4 1 0 0
15 7 5 1 0 0
15 7 6 1 0 0
15 7 7 1 0 0
15 7 8 1 0 0
15 7 9 1 0 0
15 8 2 1 0 0
15 8 3 1 0 0
15 8 4 1 0 0
15 8 5 1 0 0
15 8 6 1 0 0
15 8 7 1 0 0
15 8 8 1 0 0
15 8 9 1 0 0
15 9 2 1 0 0
15 9 3 1 0 0
15 9 4 1 0 0
15 9 5 1 0 0
15 9 6 1 0 0
15 9 7 1 0 0
15 9 8 1 0 0
15 9 9 1 0 0
15 10 2 1 0 0
15 10 3 1 0 0
15 10 4 1 0 0
15 10 5 1 0 0
15 10 6 1 0 0
15 10 7 1 0 0
15 10 8 1 0 0
15 10 9 1 0 0
15 11 2 1 0 0
15 11 3 1 0 0
15 11 4 1 0 0
15 11 5 1 0 0
15 11 6 1 0 0
15 11 7 1 0 0
15 11 8 1 0 0
15 11 9 1 0 0
15 12 2 1 0 0
15 12 3 1 0 0
15 12 4 1 0 0
15 12 5 1 0 0
15 12 6 1 0 0
15 12 7 1 0 0
15 12 8 1 0 0
15 12 9 1 0 0
