4
0.25
6 3 15 1 0 0
6 4 15 1 0 0
6 5 15 1 0 0
6 6 15 1 0 0
6 7 15 1 0 0
6 8 15 1 0 0
6 9 15 1 0 0
6 10 15 1 0 0
6 11 15 1 0 0
6 12 15 1 0 0
7 3 14 1 0 0
7 3 15 1 0 0
7 4 14 1 0 0
7 4 15 1 0 0
7 5 14 1 0 0
7 5 15 1 0 0
7 6 14 1 0 0
7 6 15 1 0 0
7 7 14 1 0 0
7 7 15 1 0 0
7 8 14 1 0 0
7 8 15 1 0 0
7 9 14 1 0 0
7 9 15 1 0 0
7 10 14 1 0 0
7 10 15 1 0 0
7 11 14 1 0 0
7 11 15 1 0 0
7 12 14 1 0 0
7 12 15 1 0 0
8 3 13 1 0 0
8 3 14 1 0 0
8 3 15 1 0 0
8 4 13 1 0 0
8 4 14 1 0 0
8 4 15 1 0 0
8 5 13 1 0 0
8 5 14 1 0 0
8 5 15 1 0 0
8 6 13 1 0 0
8 6 14 1 0 0
8 6 15 1 0 0
8 7 13 1 0 0
8 7 14 1 0 0
8 7 15 1 0 0
8 8 13 1 0 0
8 8 14 1 0 0
8 8 15 1 0 0
8 9 13 1 0 0
8 9 14 1 0 0
8 9 15 1 0 0
8 10 13 1 0 0
8 10 14 1 0 0
8 10 15 1 0 0
8 11 13 1 0 0
8 11 14 1 0 0
8 11 15 1 0 0
8 12 13 1 0 0
8 12 14 1 0 0
8 12 15 1 0 0
9 3 12 1 0 0
9 3 13 1 0 0
9 3 14 1 0 0
9 3 15 1 0 0
9 4 12 1 0 0
9 4 13 1 0 0
9 4 14 1 0 0
9 4 15 1 0 0
9 5 12 1 0 0
9 5 13 1 0 0
9 5 14 1 0 0
9 5 15 1 0 0
9 6 12 1 0 0
9 6 13 1 0 0
9 6 14 1 0 0
9 6 15 1 0 0
9 7 12 1 0 0
9 7 13 1 0 0
9 7 14 1 0 0
9 7 15 1 0 0
9 8 12 1 0 0
9 8 13 1 0 0
9 8 14 1 0 0
9 8 15 1 0 0
9 9 12 1 0 0
9 9 13 1 0 0
9 9 14 1 0 0
9 9 15 1 0 0
9 10 12 1 0 0
9 10 13 1 0 0
9 10 14 1 0 0
9 10 15 1 0 0
9 11 12 1 0 0
9 11 13 1 0 0
9 11 14 1 0 0
9 11 15 1 0 0
9 12 12 1 0 0
9 12 13 1 0 0
9 12 14 1 0 0
9 12 15 1 0 0
10 3 11 1 0 0
10 3 12 1 0 0
10 3 13 1 0 0
10 3 14 1 0 0
10 3 15 1 0 0
10 4 11 1 0 0
10 4 12 1 0 0
10 4 13 1 0 0
10 4 14 1 0 0
10 4 15 1 0 0
10 5 11 1 0 0
10 5 12 1 0 0
10 5 13 1 0 0
10 5 14 1 0 0
10 5 15 1 0 0
10 6 11 1 0 0
10 6 12 1 0 0
10 6 13 1 0 0
10 6 14 1 0 0
10 6 15 1 0 0
10 7 11 1 0 0
10 7 12 1 0 0
10 7 13 1 0 0
10 7 14 1 0 0
10 7 15 1 0 0
10 8 11 1 0 0
10 8 12 1 0 0
10 8 13 1 0 0
10 8 14 1 0 0
10 8 15 1 0 0
10 9 11 1 0 0
10 9 12 1 0 0
10 9 13 1 0 0
10 9 14 1 0 0
10 9 15 1 0 0
10 10 11 1 0 0
10 10 12 1 0 0
10 10 13 1 0 0
10 10 14 1 0 0
10 10 15 1 0 0
10 11 11 1 0 0
10 11 12 1 0 0
10 11 13 1 0 0
10 11 14 1 0 0
10 11 15 1 0 0
10 12 11 1 0 0
10 12 12 1 0 0
10 12 13 1 0 0
10 12 14 1 0 0
10 12 15 1 0 0
11 3 10 1 0 0
11 3 11 1 0 0
11 3 12 1 0 0
11 3 13 1 0 0
11 3 14 1 0 0
11 3 15 1 0 0
11 4 10 1 0 0
11 4 11 1 0 0
11 4 12 1 0 0
11 4 13 1 0 0
11 4 14 1 0 0
11 4 15 1 0 0
11 5 10 1 0 0
11 5 11 1 0 0
11 5 12 1 0 0
11 5 13 1 0 0
11 5 14 1 0 0
11 5 15 1 0 0
11 6 10 1 0 0
11 6 11 1 0 0
11 6 12 1 0 0
11 6 13 1 0 0
11 6 14 1 0 0
11 6 15 1 0 0
11 7 10 1 0 0
11 7 11 1 0 0
11 7 12 1 0 0
11 7 13 1 0 0
11 7 14 1 0 0
11 7 15 1 0 0
11 8 10 1 0 0
11 8 11 1 0 0
11 8 12 1 0 0
11 8 13 1 0 0
11 8 14 1 0 0
11 8 15 1 0 0
11 9 10 1 0 0
11 9 11 1 0 0
11 9 12 1 0 0
11 9 13 1 0 0
11 9 14 1 0 0
11 9 15 1 0 0
11 10 10 1 0 0
11 10 11 1 0 0
11 10 12 1 0 0
11 10 13 1 0 0
11 10 14 1 0 0
11 10 15 1 0 0
11 11 10 1 0 0
11 11 11 1 0 0
11 11 12 1 0 0
11 11 13 1 0 0
11 11 14 1 0 0
11 11 15 1 0 0
11 12 10 1 0 0
11 12 11 1 0 0
11 12 12 1 0 0
11 12 13 1 0 0
11 12 14 1 0 0
11 12 15 1 0 0
12 3 9 1 0 0
12 3 10 1 0 0
12 3 11 1 0 0
12 3 12 1 0 0
12 3 13 1 0 0
12 3 14 1 0 0
12 3 15 1 0 0
12 4 9 1 0 0
12 4 10 1 0 0
12 4 11 1 0 0
12 4 12 1 0 0
12 4 13 1 0 0
12 4 14 1 0 0
12 4 15 1 0 0
12 5 9 1 0 0
12 5 10 1 0 0
12 5 11 1 0 0
12 5 12 1 0 0
12 5 13 1 0 0
12 5 14 1 0 0
12 5 15 1 0 0
12 6 9 1 0 0
12 6 10 1 0 0
12 6 11 1 0 0
12 6 12 1 0 0
12 6 13 1 0 0
12 6 14 1 0 0
12 6 15 1 0 0
12 7 9 1 0 0
12 7 10 1 0 0
12 7 11 1 0 0
12 7 12 1 0 0
12 7 13 1 0 0
12 7 14 1 0 0
12 7 15 1 0 0
12 8 9 1 0 0
12 8 10 1 0 0
12 8 11 1 0 0
12 8 12 1 0 0
12 8 13 1 0 0
12 8 14 1 0 0
12 8 15 1 0 0
12 9 9 1 0 0
12 9 10 1 0 0
12 9 11 1 0 0
12 9 12 1 0 0
12 9 13 1 0 0
12 9 14 1 0 0
12 9 15 1 0 0
12 10 9 1 0 0
12 10 10 1 0 0
12 10 11 1 0 0
12 10 12 1 0 0
12 10 13 1 0 0
12 10 14 1 0 0
12 10 15 1 0 0
12 11 9 1 0 0
12 11 10 1 0 0
12 11 11 1 0 0
12 11 12 1 0 0
12 11 13 1 0 0
12 11 14 1 0 0
12 11 15 1 0 0
12 12 9 1 0 0
12 12 10 1 0 0
12 12 11 1 0 0
12 12 12 1 0 0
12 12 13 1 0 0
12 12 14 1 0 0
12 12 15 1 0 0
13 3 8 1 0 0
13 3 9 1 0 0
13 3 10 1 0 0
13 3 11 1 0 0
13 3 12 1 0 0
13 3 13 1 0 0
13 3 14 1 0 0
13 3 15 1 0 0
13 4 8 1 0 0
13 4 9 1 0 0
13 4 10 1 0 0
13 4 11 1 0 0
13 4 12 1 0 0
13 4 13 1 0 0
13 4 14 1 0 0
13 4 15 1 0 0
13 5 8 1 0 0
13 5 9 1 0 0
13 5 10 1 0 0
13 5 11 1 0 0
13 5 12 1 0 0
13 5 13 1 0 0
13 5 14 1 0 0
13 5 15 1 0 0
13 6 8 1 0 0
13 6 9 1 0 0
13 6 10 1 0 0
13 6 11 1 0 0
13 6 12 1 0 0
13 6 13 1 0 0
13 6 14 1 0 0
13 6 15 1 0 0
13 7 8 1 0 0
13 7 9 1 0 0
13 7 10 1 0 0
13 7 11 1 0 0
13 7 12 1 0 0
13 7 13 1 0 0
13 7 14 1 0 0
13 7 15 1 0 0
13 8 8 1 0 0
13 8 9 1 0 0
13 8 10 1 0 0
13 8 11 1 0 0
13 8 12 1 0 0
13 8 13 1 0 0
13 8 14 1 0 0
13 8 15 1 0 0
13 9 8 1 0 0
13 9 9 1 0 0
13 9 10 1 0 0
13 9 11 1 0 0
13 9 12 1 0 0
13 9 13 1 0 0
13 9 14 1 0 0
13 9 15 1 0 0
13 10 8 1 0 0
13 10 9 1 0 0
13 10 10 1 0 0
13 10 11 1 0 0
13 10 12 1 0 0
13 10 13 1 0 0
13 10 14 1 0 0
13 10 15 1 0 0
13 11 8 1 0 0
13 11 9 1 0 0
13 11 10 1 0 0
13 11 11 1 0 0
13 11 12 1 0 0
13 11 13 1 0 0
13 11 14 1 0 0
13 11 15 1 0 0
13 12 8 1 0 0
13 12 9 1 0 0
13 12 10 1 0 0
13 12 11 1 0 0
13 12 12 1 0 0
13 12 13 1 0 0
13 12 14 1 0 0
13 12 15 1 0 0
14 3 7 1 0 0
14 3 8 1 0 0
14 3 9 1 0 0
14 3 10 1 0 0
14 3 11 1 0 0
14 3 12 1 0 0
14 3 13 1 0 0
14 3 14 1 0 0
14 4 7 1 0 0
14 4 8 1 0 0
14 4 9 1 0 0
14 4 10 1 0 0
14 4 11 1 0 0
14 4 12 1 0 0
14 4 13 1 0 0
14 4 14 1 0 0
14 5 7 1 0 0
14 5 8 1 0 0
14 5 9 1 0 0
14 5 10 1 0 0
14 5 11 1 0 0
14 5 12 1 0 0
14 5 13 1 0 0
14 5 14 1 0 0
14 6 7 1 0 0
14 6 8 1 0 0
14 6 9 1 0 0
14 6 10 1 0 0
14 6 11 1 0 0
14 6 12 1 0 0
14 6 13 1 0 0
14 6 14 1 0 0
14 7 7 1 0 0
14 7 8 1 0 0
14 7 9 1 0 0
14 7 10 1 0 0
14 7 11 1 0 0
14 7 12 1 0 0
14 7 13 1 0 0
14 7 14 1 0 0
14 8 7 1 0 0
14 8 8 1 0 0
14 8 9 1 0 0
14 8 10 1 0 0
14 8 11 1 0 0
14 8 12 1 0 0
14 8 13 1 0 0
14 8 14 1 0 0
14 9 7 1 0 0
14 9 8 1 0 0
14 9 9 1 0 0
14 9 10 1 0 0
14 9 11 1 0 0
14 9 12 1 0 0
14 9 13 1 0 0
14 9 14 1 0 0
14 10 7 1 0 0
14 10 8 1 0 0
14 10 9 1 0 0
14 10 10 1 0 0
14 10 11 1 0 0
14 10 12 1 0 0
14 10 13 1 0 0
14 10 14 1 0 0
14 11 7 1 0 0
14 11 8 1 0 0
14 11 9 1 0 0
14 11 10 1 0 0
14 11 11 1 0 0
14 11 12 1 0 0
14 11 13 1 0 0
14 11 14 1 0 0
14 12 7 1 0 0
14 12 8 1 0 0
14 12 9 1 0 0
14 12 10 1 0 0
14 12 11 1 0 0
14 12 12 1 0 0
14 12 13 1 0 0
14 12 14 1 0 0
15 3 6 1 0 0
15 3 7 1 0 0
15 3 8 1 0 0
15 3 9 1 0 0
15 3 10 1 0 0
15 3 11 1 0 0
15 3 12 1 0 0
15 3 13 1 0 0
15 4 6 1 0 0
15 4 7 1 0 0
15 4 8 1 0 0
15 4 9 1 0 0
15 4 10 1 0 0
15 4 11 1 0 0
15 4 12 1 0 0
15 4 13 1 0 0
15 5 6 1 0 0
15 5 7 1 0 0
15 5 8 1 0 0
15 5 9 1 0 0
15 5 10 1 0 0
15 5 11 1 0 0
15 5 12 1 0 0
15 5 13 1 0 0
15 6 6 1 0 0
15 6 7 1 0 0
15 6 8 1 0 0
15 6 9 1 0 0
15 6 10 1 0 0
15 6 11 1 0 0
15 6 12 1 0 0
15 6 13 1 0 0
15 7 6 1 0 0
15 7 7 1 0 0
15 7 8 1 0 0
15 7 9 1 0 0
15 7 10 1 0 0
15 7 11 1 0 0
15 7 12 1 0 0
15 7 13 1 0 0
15 8 6 1 0 0
15 8 7 1 0 0
15 8 8 1 0 0
15 8 9 1 0 0
15 8 10 1 0 0
15 8 11 1 0 0
15 8 12 1 0 0
15 8 13 1 0 0
15 9 6 1 0 0
15 9 7 1 0 0
15 9 8 1 0 0
15 9 9 1 0 0
15 9 10 1 0 0
15 9 11 1 0 0
15 9 12 1 0 0
15 9 13 1 0 0
15 10 6 1 0 0
15 10 7 1 0 0
15 10 8 1 0 0
15 10 9 1 0 0
15 10 10 1 0 0
15 10 11 1 0 0
15 10 12 1 0 0
15 10 13 1 0 0
15 11 6 1 0 0
15 11 7 1 0 0
15 11 8 1 0 0
15 11 9 1 0 0
15 11 10 1 0 0
15 11 11 1 0 0
15 11 12 1 0 0
15 11 13 1 0 0
15 12 6 1 0 0
15 12 7 1 0 0
15 12 8 1 0 0
15 12 9 1 0 0
15 12 10 1 0 0
15 12 11 1 0 0
15 12 12 1 0 0
15 12 13 1 0 0
