4
0.25
1 0 5 1 0 0
1 0 6 1 0 0
1 0 7 1 0 0
1 1 5 1 0 0
1 1 6 1 0 0
1 1 7 1 0 0
1 2 5 1 0 0
1 2 6 1 0 0
1 2 7 1 0 0
1 3 5 1 0 0
1 3 6 1 0 0
1 3 7 1 0 0
1 3 8 1 0 0
1 3 9 1 0 0
1 3 10 1 0 0
1 4 8 1 0 0
1 4 9 1 0 0
1 4 10 1 0 0
1 5 8 1 0 0
1 5 9 1 0 0
1 5 10 1 0 0
1 6 8 1 0 0
1 6 9 1 0 0
1 6 10 1 0 0
1 7 5 1 0 0
1 7 6 1 0 0
1 7 7 1 0 0
1 7 8 1 0 0
1 7 9 1 0 0
1 7 10 1 0 0
1 8 5 1 0 0
1 8 6 1 0 0
1 8 7 1 0 0
1 9 5 1 0 0
1 9 7 1 0 0
1 10 5 1 0 0
1 10 7 1 0 0
1 11 5 1 0 0
1 11 7 1 0 0
1 11 8 1 0 0
1 11 9 1 0 0
1 11 10 1 0 0
1 12 8 1 0 0
1 12 10 1 0 0
1 13 8 1 0 0
1 13 10 1 0 0
1 14 8 1 0 0
1 14 10 1 0 0
1 15 8 1 0 0
1 15 9 1 0 0
1 15 10 1 0 0
2 0 5 1 0 0
2 0 7 1 0 0
2 1 5 1 0 0
2 1 7 1 0 0
2 2 5 1 0 0
2 2 7 1 0 0
2 3 5 1 0 0
2 3 7 1 0 0
2 3 8 1 0 0
2 3 9 1 0 0
2 3 10 1 0 0
2 4 8 1 0 0
2 4 10 1 0 0
2 5 8 1 0 0
2 5 10 1 0 0
2 6 8 1 0 0
2 6 10 1 0 0
2 7 5 1 0 0
2 7 7 1 0 0
2 7 8 1 0 0
2 7 9 1 0 0
2 7 10 1 0 0
2 8 5 1 0 0
2 8 7 1 0 0
2 9 5 1 0 0
2 9 7 1 0 0
2 10 5 1 0 0
2 10 7 1 0 0
2 11 5 1 0 0
2 11 7 1 0 0
2 11 8 1 0 0
2 11 9 1 0 0
2 11 10 1 0 0
2 12 8 1 0 0
2 12 10 1 0 0
2 13 8 1 0 0
2 13 10 1 0 0
2 14 8 1 0 0
2 14 10 1 0 0
2 15 5 1 0 0
2 15 6 1 0 0
2 15 7 1 0 0
2 15 8 1 0 0
2 15 9 1 0 0
2 15 10 1 0 0
3 0 5 1 0 0
3 0 7 1 0 0
3 0 8 1 0 0
3 0 10 1 0 0
3 1 5 1 0 0
3 1 7 1 0 0
3 1 8 1 0 0
3 1 10 1 0 0
3 2 5 1 0 0
3 2 7 1 0 0
3 2 8 1 0 0
3 2 10 1 0 0
3 3 5 1 0 0
3 3 7 1 0 0
3 3 8 1 0 0
3 3 9 1 0 0
3 3 10 1 0 0
3 4 5 1 0 0
3 4 7 1 0 0
3 4 8 1 0 0
3 4 10 1 0 0
3 5 5 1 0 0
3 5 7 1 0 0
3 5 8 1 0 0
3 5 10 1 0 0
3 6 5 1 0 0
3 6 7 1 0 0
3 6 8 1 0 0
3 6 10 1 0 0
3 7 5 1 0 0
3 7 7 1 0 0
3 7 8 1 0 0
3 7 9 1 0 0
3 7 10 1 0 0
3 8 5 1 0 0
3 8 7 1 0 0
3 8 8 1 0 0
3 8 9 1 0 0
3 8 10 1 0 0
3 9 5 1 0 0
3 9 7 1 0 0
3 9 8 1 0 0
3 9 9 1 0 0
3 9 10 1 0 0
3 10 5 1 0 0
3 10 7 1 0 0
3 10 8 1 0 0
3 10 9 1 0 0
3 10 10 1 0 0
3 11 5 1 0 0
3 11 7 1 0 0
3 11 8 1 0 0
3 11 9 1 0 0
3 11 10 1 0 0
3 12 5 1 0 0
3 12 7 1 0 0
3 12 8 1 0 0
3 12 10 1 0 0
3 13 5 1 0 0
3 13 7 1 0 0
3 13 8 1 0 0
3 13 10 1 0 0
3 14 5 1 0 0
3 14 7 1 0 0
3 14 8 1 0 0
3 14 10 1 0 0
3 15 5 1 0 0
3 15 7 1 0 0
3 15 8 1 0 0
3 15 9 1 0 0
3 15 10 1 0 0
4 0 5 1 0 0
4 0 7 1 0 0
4 0 8 1 0 0
4 0 10 1 0 0
4 1 5 1 0 0
4 1 7 1 0 0
4 1 8 1 0 0
4 1 10 1 0 0
4 2 5 1 0 0
4 2 7 1 0 0
4 2 8 1 0 0
4 2 10 1 0 0
4 3 5 1 0 0
4 3 7 1 0 0
4 3 8 1 0 0
4 3 10 1 0 0
4 4 5 1 0 0
4 4 7 1 0 0
4 4 8 1 0 0
4 4 10 1 0 0
4 5 5 1 0 0
4 5 7 1 0 0
4 5 8 1 0 0
4 5 10 1 0 0
4 6 5 1 0 0
4 6 7 1 0 0
4 6 8 1 0 0
4 6 10 1 0 0
4 7 5 1 0 0
4 7 8 1 0 0
4 7 10 1 0 0
4 8 5 1 0 0
4 8 7 1 0 0
4 8 8 1 0 0
4 8 9 1 0 0
4 8 10 1 0 0
4 9 5 1 0 0
4 9 7 1 0 0
4 9 8 1 0 0
4 9 9 1 0 0
4 9 10 1 0 0
4 10 5 1 0 0
4 10 7 1 0 0
4 10 10 1 0 0
4 11 5 1 0 0
4 11 7 1 0 0
4 11 8 1 0 0
4 11 10 1 0 0
4 12 5 1 0 0
4 12 7 1 0 0
4 12 8 1 0 0
4 12 10 1 0 0
4 13 5 1 0 0
4 13 7 1 0 0
4 13 8 1 0 0
4 13 10 1 0 0
4 14 5 1 0 0
4 14 7 1 0 0
4 14 8 1 0 0
4 14 10 1 0 0
4 15 5 1 0 0
4 15 7 1 0 0
4 15 8 1 0 0
4 15 10 1 0 0
5 0 5 1 0 0
5 0 9 1 0 0
5 0 10 1 0 0
5 1 5 1 0 0
5 1 10 1 0 0
5 2 5 1 0 0
5 2 10 1 0 0
5 3 5 1 0 0
5 3 10 1 0 0
5 4 5 1 0 0
5 4 10 1 0 0
5 5 5 1 0 0
5 5 10 1 0 0
5 6 5 1 0 0
5 6 10 1 0 0
5 7 5 1 0 0
5 7 10 1 0 0
5 8 5 1 0 0
5 8 10 1 0 0
5 9 5 1 0 0
5 9 10 1 0 0
5 10 5 1 0 0
5 10 10 1 0 0
5 11 5 1 0 0
5 11 10 1 0 0
5 12 5 1 0 0
5 12 10 1 0 0
5 13 5 1 0 0
5 13 10 1 0 0
5 14 5 1 0 0
5 14 10 1 0 0
5 15 5 1 0 0
5 15 10 1 0 0
6 0 6 1 0 0
6 0 7 1 0 0
6 0 8 1 0 0
6 0 9 1 0 0
6 0 10 1 0 0
6 1 6 1 0 0
6 1 7 1 0 0
6 1 8 1 0 0
6 1 9 1 0 0
6 2 6 1 0 0
6 2 7 1 0 0
6 2 8 1 0 0
6 2 9 1 0 0
6 3 6 1 0 0
6 3 7 1 0 0
6 3 8 1 0 0
6 3 9 1 0 0
6 4 6 1 0 0
6 4 7 1 0 0
6 4 8 1 0 0
6 4 9 1 0 0
6 5 6 1 0 0
6 5 7 1 0 0
6 5 8 1 0 0
6 5 9 1 0 0
6 6 6 1 0 0
6 6 7 1 0 0
6 6 8 1 0 0
6 6 9 1 0 0
6 7 6 1 0 0
6 7 7 1 0 0
6 7 8 1 0 0
6 7 9 1 0 0
6 8 6 1 0 0
6 8 7 1 0 0
6 8 8 1 0 0
6 8 9 1 0 0
6 9 6 1 0 0
6 9 7 1 0 0
6 9 8 1 0 0
6 9 9 1 0 0
6 10 6 1 0 0
6 10 7 1 0 0
6 10 8 1 0 0
6 10 9 1 0 0
6 11 6 1 0 0
6 11 7 1 0 0
6 11 8 1 0 0
6 11 9 1 0 0
6 12 6 1 0 0
6 12 7 1 0 0
6 12 8 1 0 0
6 12 9 1 0 0
6 13 6 1 0 0
6 13 7 1 0 0
6 13 8 1 0 0
6 13 9 1 0 0
6 14 6 1 0 0
6 14 7 1 0 0
6 14 8 1 0 0
6 14 9 1 0 0
6 15 6 1 0 0
6 15 7 1 0 0
6 15 8 1 0 0
6 15 9 1 0 0
7 0 8 1 0 0
7 0 9 1 0 0
7 1 9 1 0 0
7 2 9 1 0 0
7 3 9 1 0 0
7 4 8 1 0 0
7 4 9 1 0 0
7 5 8 1 0 0
7 6 8 1 0 0
7 7 8 1 0 0
7 8 8 1 0 0
7 9 8 1 0 0
7 10 8 1 0 0
7 11 8 1 0 0
7 12 8 1 0 0
7 12 9 1 0 0
7 13 8 1 0 0
7 13 9 1 0 0
7 14 7 1 0 0
7 14 9 1 0 0
7 15 7 1 0 0
7 15 9 1 0 0
8 0 7 1 0 0
8 0 8 1 0 0
8 0 9 1 0 0
8 1 7 1 0 0
8 1 8 1 0 0
8 1 9 1 0 0
8 2 7 1 0 0
8 2 8 1 0 0
8 2 9 1 0 0
8 3 7 1 0 0
8 3 8 1 0 0
8 3 9 1 0 0
8 4 7 1 0 0
8 4 8 1 0 0
8 4 9 1 0 0
8 5 7 1 0 0
8 5 8 1 0 0
8 6 7 1 0 0
8 6 8 1 0 0
8 7 7 1 0 0
8 7 8 1 0 0
8 8 7 1 0 0
8 8 8 1 0 0
8 9 7 1 0 0
8 9 8 1 0 0
8 10 7 1 0 0
8 10 8 1 0 0
8 11 7 1 0 0
8 11 8 1 0 0
8 12 7 1 0 0
8 12 8 1 0 0
8 12 9 1 0 0
8 13 7 1 0 0
8 13 8 1 0 0
8 13 9 1 0 0
8 14 7 1 0 0
8 14 8 1 0 0
8 14 9 1 0 0
8 15 7 1 0 0
8 15 8 1 0 0
8 15 9 1 0 0
