4
0.25
7 6 0 1 0 0
7 6 1 1 0 0
7 6 2 1 0 0
7 6 3 1 0 0
7 6 4 1 0 0
7 6 5 1 0 0
7 6 6 1 0 0
7 6 7 1 0 0
7 6 8 1 0 0
7 6 9 1 0 0
7 6 10 1 0 0
7 6 11 1 0 0
7 6 12 1 0 0
7 6 13 1 0 0
7 6 14 1 0 0
7 6 15 1 0 0
7 7 0 1 0 0
7 7 1 1 0 0
7 7 2 1 0 0
7 7 3 1 0 0
7 7 4 1 0 0
7 7 5 1 0 0
7 7 6 1 0 0
7 7 7 1 0 0
7 7 8 1 0 0
7 7 9 1 0 0
7 7 10 1 0 0
7 7 11 1 0 0
7 7 12 1 0 0
7 7 13 1 0 0
7 7 14 1 0 0
7 7 15 1 0 0
7 8 0 1 0 0
7 8 1 1 0 0
7 8 2 1 0 0
7 8 3 1 0 0
7 8 4 1 0 0
7 8 5 1 0 0
7 8 6 1 0 0
7 8 7 1 0 0
7 8 8 1 0 0
7 8 9 1 0 0
7 8 10 1 0 0
7 8 11 1 0 0
7 8 12 1 0 0
7 8 13 1 0 0
7 8 14 1 0 0
7 8 15 1 0 0
7 9 0 1 0 0
7 9 1 1 0 0
7 9 2 1 0 0
7 9 3 1 0 0
7 9 4 1 0 0
7 9 5 1 0 0
7 9 6 1 0 0
7 9 7 1 0 0
7 9 8 1 0 0
7 9 9 1 0 0
7 9 10 1 0 0
7 9 11 1 0 0
7 9 12 1 0 0
7 9 13 1 0 0
7 9 14 1 0 0
7 9 15 1 0 0
8 6 0 1 0 0
8 6 1 1 0 0
8 6 2 1 0 0
8 6 3 1 0 0
8 6 4 1 0 0
8 6 5 1 0 0
8 6 6 1 0 0
8 6 7 1 0 0
8 6 8 1 0 0
8 6 9 1 0 0
8 6 10 1 0 0
8 6 11 1 0 0
8 6 12 1 0 0
8 6 13 1 0 0
8 6 14 1 0 0
8 6 15 1 0 0
8 7 0 1 0 0
8 7 1 1 0 0
8 7 2 1 0 0
8 7 3 1 0 0
8 7 4 1 0 0
8 7 5 1 0 0
8 7 6 1 0 0
8 7 7 1 0 0
8 7 8 1 0 0
8 7 9 1 0 0
8 7 10 1 0 0
8 7 11 1 0 0
8 7 12 1 0 0
8 7 13 1 0 0
8 7 14 1 0 0
8 7 15 1 0 0
8 8 0 1 0 0
8 8 1 1 0 0
8 8 2 1 0 0
8 8 3 1 0 0
8 8 4 1 0 0
8 8 5 1 0 0
8 8 6 1 0 0
8 8 7 1 0 0
8 8 8 1 0 0
8 8 9 1 0 0
8 8 10 1 0 0
8 8 11 1 0 0
8 8 12 1 0 0
8 8 13 1 0 0
8 8 14 1 0 0
8 8 15 1 0 0
8 9 0 1 0 0
8 9 1 1 0 0
8 9 2 1 0 0
8 9 3 1 0 0
8 9 4 1 0 0
8 9 5 1 0 0
8 9 6 1 0 0
8 9 7 1 0 0
8 9 8 1 0 0
8 9 9 1 0 0
8 9 10 1 0 0
8 9 11 1 0 0
8 9 12 1 0 0
8 9 13 1 0 0
8 9 14 1 0 0
8 9 15 1 0 0
9 6 0 1 0 0
9 6 1 1 0 0
9 6 2 1 0 0
9 6 3 1 0 0
9 6 4 1 0 0
9 6 5 1 0 0
9 6 6 1 0 0
9 6 7 1 0 0
9 6 8 1 0 0
9 6 9 1 0 0
9 6 10 1 0 0
9 6 11 1 0 0
9 6 12 1 0 0
9 6 13 1 0 0
9 6 14 1 0 0
9 6 15 1 0 0
9 7 0 1 0 0
9 7 1 1 0 0
9 7 2 1 0 0
9 7 3 1 0 0
9 7 4 1 0 0
9 7 5 1 0 0
9 7 6 1 0 0
9 7 7 1 0 0
9 7 8 1 0 0
9 7 9 1 0 0
9 7 10 1 0 0
9 7 11 1 0 0
9 7 12 1 0 0
9 7 13 1 0 0
9 7 14 1 0 0
9 7 15 1 0 0
9 8 0 1 0 0
9 8 1 1 0 0
9 8 2 1 0 0
9 8 3 1 0 0
9 8 4 1 0 0
9 8 5 1 0 0
9 8 6 1 0 0
9 8 7 1 0 0
9 8 8 1 0 0
9 8 9 1 0 0
9 8 10 1 0 0
9 8 11 1 0 0
9 8 12 1 0 0
9 8 13 1 0 0
9 8 14 1 0 0
9 8 15 1 0 0
9 9 0 1 0 0
9 9 1 1 0 0
9 9 2 1 0 0
9 9 3 1 0 0
9 9 4 1 0 0
9 9 5 1 0 0
9 9 6 1 0 0
9 9 7 1 0 0
9 9 8 1 0 0
9 9 9 1 0 0
9 9 10 1 0 0
9 9 11 1 0 0
9 9 12 1 0 0
9 9 13 1 0 0
9 9 14 1 0 0
9 9 15 1 0 0
10 6 0 1 0 0
10 6 1 1 0 0
10 6 2 1 0 0
10 6 3 1 0 0
10 6 4 1 0 0
10 6 5 1 0 0
10 6 6 1 0 0
10 6 7 1 0 0
10 6 8 1 0 0
10 6 9 1 0 0
10 6 10 1 0 0
10 6 11 1 0 0
10 6 12 1 0 0
10 6 13 1 0 0
10 6 14 1 0 0
10 6 15 1 0 0
10 7 0 1 0 0
10 7 1 1 0 0
10 7 2 1 0 0
10 7 3 1 0 0
10 7 4 1 0 0
10 7 5 1 0 0
10 7 6 1 0 0
10 7 7 1 0 0
10 7 8 1 0 0
10 7 9 1 0 0
10 7 10 1 0 0
10 7 11 1 0 0
10 7 12 1 0 0
10 7 13 1 0 0
10 7 14 1 0 0
10 7 15 1 0 0
10 8 0 1 0 0
10 8 1 1 0 0
10 8 2 1 0 0
10 8 3 1 0 0
10 8 4 1 0 0
10 8 5 1 0 0
10 8 6 1 0 0
10 8 7 1 0 0
10 8 8 1 0 0
10 8 9 1 0 0
10 8 10 1 0 0
10 8 11 1 0 0
10 8 12 1 0 0
10 8 13 1 0 0
10 8 14 1 0 0
10 8 15 1 0 0
10 9 0 1 0 0
10 9 1 1 0 0
10 9 2 1 0 0
10 9 3 1 0 0
10 9 4 1 0 0
10 9 5 1 0 0
10 9 6 1 0 0
10 9 7 1 0 0
10 9 8 1 0 0
10 9 9 1 0 0
10 9 10 1 0 0
10 9 11 1 0 0
10 9 12 1 0 0
10 9 13 1 0 0
10 9 14 1 0 0
10 9 15 1 0 0
11 6 0 1 0 0
11 6 1 1 0 0
11 6 2 1 0 0
11 6 3 1 0 0
11 6 4 1 0 0
11 6 5 1 0 0
11 6 6 1 0 0
11 6 7 1 0 0
11 6 8 1 0 0
11 6 9 1 0 0
11 6 10 1 0 0
11 6 11 1 0 0
11 6 12 1 0 0
11 6 13 1 0 0
11 6 14 1 0 0
11 6 15 1 0 0
11 7 0 1 0 0
11 7 1 1 0 0
11 7 2 1 0 0
11 7 3 1 0 0
11 7 4 1 0 0
11 7 5 1 0 0
11 7 6 1 0 0
11 7 7 1 0 0
11 7 8 1 0 0
11 7 9 1 0 0
11 7 10 1 0 0
11 7 11 1 0 0
11 7 12 1 0 0
11 7 13 1 0 0
11 7 14 1 0 0
11 7 15 1 0 0
11 8 0 1 0 0
11 8 1 1 0 0
11 8 2 1 0 0
11 8 3 1 0 0
11 8 4 1 0 0
11 8 5 1 0 0
11 8 6 1 0 0
11 8 7 1 0 0
11 8 8 1 0 0
11 8 9 1 0 0
11 8 10 1 0 0
11 8 11 1 0 0
11 8 12 1 0 0
11 8 13 1 0 0
11 8 14 1 0 0
11 8 15 1 0 0
11 9 0 1 0 0
11 9 1 1 0 0
11 9 2 1 0 0
11 9 3 1 0 0
11 9 4 1 0 0
11 9 5 1 0 0
11 9 6 1 0 0
11 9 7 1 0 0
11 9 8 1 0 0
11 9 9 1 0 0
11 9 10 1 0 0
11 9 11 1 0 0
11 9 12 1 0 0
11 9 13 1 0 0
11 9 14 1 0 0
11 9 15 1 0 0
12 6 0 1 0 0
12 6 1 1 0 0
12 6 2 1 0 0
12 6 3 1 0 0
12 6 4 1 0 0
12 6 5 1 0 0
12 6 6 1 0 0
12 6 7 1 0 0
12 6 8 1 0 0
12 6 9 1 0 0
12 6 10 1 0 0
12 6 11 1 0 0
12 6 12 1 0 0
12 6 13 1 0 0
12 6 14 1 0 0
12 6 15 1 0 0
12 7 0 1 0 0
12 7 1 1 0 0
12 7 2 1 0 0
12 7 3 1 0 0
12 7 4 1 0 0
12 7 5 1 0 0
12 7 6 1 0 0
12 7 7 1 0 0
12 7 8 1 0 0
12 7 9 1 0 0
12 7 10 1 0 0
12 7 11 1 0 0
12 7 12 1 0 0
12 7 13 1 0 0
12 7 14 1 0 0
12 7 15 1 0 0
12 8 0 1 0 0
12 8 1 1 0 0
12 8 2 1 0 0
12 8 3 1 0 0
12 8 4 1 0 0
12 8 5 1 0 0
12 8 6 1 0 0
12 8 7 1 0 0
12 8 8 1 0 0
12 8 9 1 0 0
12 8 10 1 0 0
12 8 11 1 0 0
12 8 12 1 0 0
12 8 13 1 0 0
12 8 14 1 0 0
12 8 15 1 0 0
12 9 0 1 0 0
12 9 1 1 0 0
12 9 2 1 0 0
12 9 3 1 0 0
12 9 4 1 0 0
12 9 5 1 0 0
12 9 6 1 0 0
12 9 7 1 0 0
12 9 8 1 0 0
12 9 9 1 0 0
12 9 10 1 0 0
12 9 11 1 0 0
12 9 12 1 0 0
12 9 13 1 0 0
12 9 14 1 0 0
12 9 15 1 0 0
13 6 0 1 0 0
13 6 1 1 0 0
13 6 2 1 0 0
13 6 3 1 0 0
13 6 4 1 0 0
13 6 5 1 0 0
13 6 6 1 0 0
13 6 7 1 0 0
13 6 8 1 0 0
13 6 9 1 0 0
13 6 10 1 0 0
13 6 11 1 0 0
13 6 12 1 0 0
13 6 13 1 0 0
13 6 14 1 0 0
13 6 15 1 0 0
13 7 0 1 0 0
13 7 1 1 0 0
13 7 2 1 0 0
13 7 3 1 0 0
13 7 4 1 0 0
13 7 5 1 0 0
13 7 6 1 0 0
13 7 7 1 0 0
13 7 8 1 0 0
13 7 9 1 0 0
13 7 10 1 0 0
13 7 11 1 0 0
13 7 12 1 0 0
13 7 13 1 0 0
13 7 14 1 0 0
13 7 15 1 0 0
13 8 0 1 0 0
13 8 1 1 0 0
13 8 2 1 0 0
13 8 3 1 0 0
13 8 4 1 0 0
13 8 5 1 0 0
13 8 6 1 0 0
13 8 7 1 0 0
13 8 8 1 0 0
13 8 9 1 0 0
13 8 10 1 0 0
13 8 11 1 0 0
13 8 12 1 0 0
13 8 13 1 0 0
13 8 14 1 0 0
13 8 15 1 0 0
13 9 0 1 0 0
13 9 1 1 0 0
13 9 2 1 0 0
13 9 3 1 0 0
13 9 4 1 0 0
13 9 5 1 0 0
13 9 6 1 0 0
13 9 7 1 0 0
13 9 8 1 0 0
13 9 9 1 0 0
13 9 10 1 0 0
13 9 11 1 0 0
13 9 12 1 0 0
13 9 13 1 0 0
13 9 14 1 0 0
13 9 15 1 0 0
14 6 0 1 0 0
14 6 1 1 0 0
14 6 2 1 0 0
14 6 3 1 0 0
14 6 4 1 0 0
14 6 5 1 0 0
14 6 6 1 0 0
14 6 7 1 0 0
14 6 8 1 0 0
14 6 9 1 0 0
14 6 10 1 0 0
14 6 11 1 0 0
14 6 12 1 0 0
14 6 13 1 0 0
14 6 14 1 0 0
14 6 15 1 0 0
14 7 0 1 0 0
14 7 1 1 0 0
14 7 2 1 0 0
14 7 3 1 0 0
14 7 4 1 0 0
14 7 5 1 0 0
14 7 6 1 0 0
14 7 7 1 0 0
14 7 8 1 0 0
14 7 9 1 0 0
14 7 10 1 0 0
14 7 11 1 0 0
14 7 12 1 0 0
14 7 13 1 0 0
14 7 14 1 0 0
14 7 15 1 0 0
14 8 0 1 0 0
14 8 1 1 0 0
14 8 2 1 0 0
14 8 3 1 0 0
14 8 4 1 0 0
14 8 5 1 0 0
14 8 6 1 0 0
14 8 7 1 0 0
14 8 8 1 0 0
14 8 9 1 0 0
14 8 10 1 0 0
14 8 11 1 0 0
14 8 12 1 0 0
14 8 13 1 0 0
14 8 14 1 0 0
14 8 15 1 0 0
14 9 0 1 0 0
14 9 1 1 0 0
14 9 2 1 0 0
14 9 3 1 0 0
14 9 4 1 0 0
14 9 5 1 0 0
14 9 6 1 0 0
14 9 7 1 0 0
14 9 8 1 0 0
14 9 9 1 0 0
14 9 10 1 0 0
14 9 11 1 0 0
14 9 12 1 0 0
14 9 13 1 0 0
14 9 14 1 0 0
14 9 15 1 0 0
15 6 0 1 0 0
15 6 1 1 0 0
15 6 2 1 0 0
15 6 3 1 0 0
15 6 4 1 0 0
15 6 5 1 0 0
15 6 6 1 0 0
15 6 7 1 0 0
15 6 8 1 0 0
15 6 9 1 0 0
15 6 10 1 0 0
15 6 11 1 0 0
15 6 12 1 0 0
15 6 13 1 0 0
15 6 14 1 0 0
15 6 15 1 0 0
15 7 0 1 0 0
15 7 1 1 0 0
15 7 2 1 0 0
15 7 3 1 0 0
15 7 4 1 0 0
15 7 5 1 0 0
15 7 6 1 0 0
15 7 7 1 0 0
15 7 8 1 0 0
15 7 9 1 0 0
15 7 10 1 0 0
15 7 11 1 0 0
15 7 12 1 0 0
15 7 13 1 0 0
15 7 14 1 0 0
15 7 15 1 0 0
15 8 0 1 0 0
15 8 1 1 0 0
15 8 2 1 0 0
15 8 3 1 0 0
15 8 4 1 0 0
15 8 5 1 0 0
15 8 6 1 0 0
15 8 7 1 0 0
15 8 8 1 0 0
15 8 9 1 0 0
15 8 10 1 0 0
15 8 11 1 0 0
15 8 12 1 0 0
15 8 13 1 0 0
15 8 14 1 0 0
15 8 15 1 0 0
15 9 0 1 0 0
15 9 1 1 0 0
15 9 2 1 0 0
15 9 3 1 0 0
15 9 4 1 0 0
15 9 5 1 0 0
15 9 6 1 0 0
15 9 7 1 0 0
15 9 8 1 0 0
15 9 9 1 0 0
15 9 10 1 0 0
15 9 11 1 0 0
15 9 12 1 0 0
15 9 13 1 0 0
15 9 14 1 0 0
15 9 15 1 0 0
