4
0.25
14 0 0 1 0 0
14 0 1 1 0 0
14 0 2 1 0 0
14 0 3 1 0 0
14 0 4 1 0 0
14 0 5 1 0 0
14 0 6 1 0 0
14 0 7 1 0 0
14 0 8 1 0 0
14 0 9 1 0 0
14 0 10 1 0 0
14 0 11 1 0 0
14 0 12 1 0 0
14 0 13 1 0 0
14 0 14 1 0 0
14 0 15 1 0 0
14 1 0 1 0 0
14 1 1 1 0 0
14 1 2 1 0 0
14 1 3 1 0 0
14 1 4 1 0 0
14 1 5 1 0 0
14 1 6 1 0 0
14 1 7 1 0 0
14 1 8 1 0 0
14 1 9 1 0 0
14 1 10 1 0 0
14 1 11 1 0 0
14 1 12 1 0 0
14 1 13 1 0 0
14 1 14 1 0 0
14 1 15 1 0 0
14 2 0 1 0 0
14 2 1 1 0 0
14 2 2 1 0 0
14 2 3 1 0 0
14 2 4 1 0 0
14 2 5 1 0 0
14 2 6 1 0 0
14 2 7 1 0 0
14 2 8 1 0 0
14 2 9 1 0 0
14 2 10 1 0 0
14 2 11 1 0 0
14 2 12 1 0 0
14 2 13 1 0 0
14 2 14 1 0 0
14 2 15 1 0 0
14 3 0 1 0 0
14 3 1 1 0 0
14 3 2 1 0 0
14 3 3 1 0 0
14 3 4 1 0 0
14 3 5 1 0 0
14 3 6 1 0 0
14 3 7 1 0 0
14 3 8 1 0 0
14 3 9 1 0 0
14 3 10 1 0 0
14 3 11 1 0 0
14 3 12 1 0 0
14 3 13 1 0 0
14 3 14 1 0 0
14 3 15 1 0 0
14 4 0 1 0 0
14 4 1 1 0 0
14 4 2 1 0 0
14 4 3 1 0 0
14 4 4 1 0 0
14 4 5 1 0 0
14 4 6 1 0 0
14 4 7 1 0 0
14 4 8 1 0 0
14 4 9 1 0 0
14 4 10 1 0 0
14 4 11 1 0 0
14 4 12 1 0 0
14 4 13 1 0 0
14 4 14 1 0 0
14 4 15 1 0 0
14 5 0 1 0 0
14 5 1 1 0 0
14 5 2 1 0 0
14 5 3 1 0 0
14 5 4 1 0 0
14 5 5 1 0 0
14 5 6 1 0 0
14 5 7 1 0 0
14 5 8 1 0 0
14 5 9 1 0 0
14 5 10 1 0 0
14 5 11 1 0 0
14 5 12 1 0 0
14 5 13 1 0 0
14 5 14 1 0 0
14 5 15 1 0 0
14 6 0 1 0 0
14 6 1 1 0 0
14 6 2 1 0 0
14 6 3 1 0 0
14 6 4 1 0 0
14 6 5 1 0 0
14 6 6 1 0 0
14 6 7 1 0 0
14 6 8 1 0 0
14 6 9 1 0 0
14 6 10 1 0 0
14 6 11 1 0 0
14 6 12 1 0 0
14 6 13 1 0 0
14 6 14 1 0 0
14 6 15 1 0 0
14 7 0 1 0 0
14 7 1 1 0 0
14 7 2 1 0 0
14 7 3 1 0 0
14 7 4 1 0 0
14 7 5 1 0 0
14 7 6 1 0 0
14 7 7 1 0 0
14 7 8 1 0 0
14 7 9 1 0 0
14 7 10 1 0 0
14 7 11 1 0 0
14 7 12 1 0 0
14 7 13 1 0 0
14 7 14 1 0 0
14 7 15 1 0 0
14 8 0 1 0 0
14 8 1 1 0 0
14 8 2 1 0 0
14 8 3 1 0 0
14 8 4 1 0 0
14 8 5 1 0 0
14 8 6 1 0 0
14 8 7 1 0 0
14 8 8 1 0 0
14 8 9 1 0 0
14 8 10 1 0 0
14 8 11 1 0 0
14 8 12 1 0 0
14 8 13 1 0 0
14 8 14 1 0 0
14 8 15 1 0 0
14 9 0 1 0 0
14 9 1 1 0 0
14 9 2 1 0 0
14 9 3 1 0 0
14 9 4 1 0 0
14 9 5 1 0 0
14 9 6 1 0 0
14 9 7 1 0 0
14 9 8 1 0 0
14 9 9 1 0 0
14 9 10 1 0 0
14 9 11 1 0 0
14 9 12 1 0 0
14 9 13 1 0 0
14 9 14 1 0 0
14 9 15 1 0 0
14 10 0 1 0 0
14 10 1 1 0 0
14 10 2 1 0 0
14 10 3 1 0 0
14 10 4 1 0 0
14 10 5 1 0 0
14 10 6 1 0 0
14 10 7 1 0 0
14 10 8 1 0 0
14 10 9 1 0 0
14 10 10 1 0 0
14 10 11 1 0 0
14 10 12 1 0 0
14 10 13 1 0 0
14 10 14 1 0 0
14 10 15 1 0 0
14 11 0 1 0 0
14 11 1 1 0 0
14 11 2 1 0 0
14 11 3 1 0 0
14 11 4 1 0 0
14 11 5 1 0 0
14 11 6 1 0 0
14 11 7 1 0 0
14 11 8 1 0 0
14 11 9 1 0 0
14 11 10 1 0 0
14 11 11 1 0 0
14 11 12 1 0 0
14 11 13 1 0 0
14 11 14 1 0 0
14 11 15 1 0 0
14 12 0 1 0 0
14 12 1 1 0 0
14 12 2 1 0 0
14 12 3 1 0 0
14 12 4 1 0 0
14 12 5 1 0 0
14 12 6 1 0 0
14 12 7 1 0 0
14 12 8 1 0 0
14 12 9 1 0 0
14 12 10 1 0 0
14 12 11 1 0 0
14 12 12 1 0 0
14 12 13 1 0 0
14 12 14 1 0 0
14 12 15 1 0 0
14 13 0 1 0 0
14 13 1 1 0 0
14 13 2 1 0 0
14 13 3 1 0 0
14 13 4 1 0 0
14 13 5 1 0 0
14 13 6 1 0 0
14 13 7 1 0 0
14 13 8 1 0 0
14 13 9 1 0 0
14 13 10 1 0 0
14 13 11 1 0 0
14 13 12 1 0 0
14 13 13 1 0 0
14 13 14 1 0 0
14 13 15 1 0 0
14 14 0 1 0 0
14 14 1 1 0 0
14 14 2 1 0 0
14 14 3 1 0 0
14 14 4 1 0 0
14 14 5 1 0 0
14 14 6 1 0 0
14 14 7 1 0 0
14 14 8 1 0 0
14 14 9 1 0 0
14 14 10 1 0 0
14 14 11 1 0 0
14 14 12 1 0 0
14 14 13 1 0 0
14 14 14 1 0 0
14 14 15 1 0 0
14 15 0 1 0 0
14 15 1 1 0 0
14 15 2 1 0 0
14 15 3 1 0 0
14 15 4 1 0 0
14 15 5 1 0 0
14 15 6 1 0 0
14 15 7 1 0 0
14 15 8 1 0 0
14 15 9 1 0 0
14 15 10 1 0 0
14 15 11 1 0 0
14 15 12 1 0 0
14 15 13 1 0 0
14 15 14 1 0 0
14 15 15 1 0 0
15 0 0 1 0 0
15 0 1 1 0 0
15 0 2 1 0 0
15 0 3 1 0 0
15 0 4 1 0 0
15 0 5 1 0 0
15 0 6 1 0 0
15 0 7 1 0 0
15 0 8 1 0 0
15 0 9 1 0 0
15 0 10 1 0 0
15 0 11 1 0 0
15 0 12 1 0 0
15 0 13 1 0 0
15 0 14 1 0 0
15 0 15 1 0 0
15 1 0 1 0 0
15 1 1 1 0 0
15 1 2 1 0 0
15 1 3 1 0 0
15 1 4 1 0 0
15 1 5 1 0 0
15 1 6 1 0 0
15 1 7 1 0 0
15 1 8 1 0 0
15 1 9 1 0 0
15 1 10 1 0 0
15 1 11 1 0 0
15 1 12 1 0 0
15 1 13 1 0 0
15 1 14 1 0 0
15 1 15 1 0 0
15 2 0 1 0 0
15 2 1 1 0 0
15 2 2 1 0 0
15 2 3 1 0 0
15 2 4 1 0 0
15 2 5 1 0 0
15 2 6 1 0 0
15 2 7 1 0 0
15 2 8 1 0 0
15 2 9 1 0 0
15 2 10 1 0 0
15 2 11 1 0 0
15 2 12 1 0 0
15 2 13 1 0 0
15 2 14 1 0 0
15 2 15 1 0 0
15 3 0 1 0 0
15 3 1 1 0 0
15 3 2 1 0 0
15 3 3 1 0 0
15 3 4 1 0 0
15 3 5 1 0 0
15 3 6 1 0 0
15 3 7 1 0 0
15 3 8 1 0 0
15 3 9 1 0 0
15 3 10 1 0 0
15 3 11 1 0 0
15 3 12 1 0 0
15 3 13 1 0 0
15 3 14 1 0 0
15 3 15 1 0 0
15 4 0 1 0 0
15 4 1 1 0 0
15 4 2 1 0 0
15 4 3 1 0 0
15 4 4 1 0 0
15 4 5 1 0 0
15 4 6 1 0 0
15 4 7 1 0 0
15 4 8 1 0 0
15 4 9 1 0 0
15 4 10 1 0 0
15 4 11 1 0 0
15 4 12 1 0 0
15 4 13 1 0 0
15 4 14 1 0 0
15 4 15 1 0 0
15 5 0 1 0 0
15 5 1 1 0 0
15 5 2 1 0 0
15 5 3 1 0 0
15 5 4 1 0 0
15 5 5 1 0 0
15 5 6 1 0 0
15 5 7 1 0 0
15 5 8 1 0 0
15 5 9 1 0 0
15 5 10 1 0 0
15 5 11 1 0 0
15 5 12 1 0 0
15 5 13 1 0 0
15 5 14 1 0 0
15 5 15 1 0 0
15 6 0 1 0 0
15 6 1 1 0 0
15 6 2 1 0 0
15 6 3 1 0 0
15 6 4 1 0 0
15 6 5 1 0 0
15 6 6 1 0 0
15 6 7 1 0 0
15 6 8 1 0 0
15 6 9 1 0 0
15 6 10 1 0 0
15 6 11 1 0 0
15 6 12 1 0 0
15 6 13 1 0 0
15 6 14 1 0 0
15 6 15 1 0 0
15 7 0 1 0 0
15 7 1 1 0 0
15 7 2 1 0 0
15 7 3 1 0 0
15 7 4 1 0 0
15 7 5 1 0 0
15 7 6 1 0 0
15 7 7 1 0 0
15 7 8 1 0 0
15 7 9 1 0 0
15 7 10 1 0 0
15 7 11 1 0 0
15 7 12 1 0 0
15 7 13 1 0 0
15 7 14 1 0 0
15 7 15 1 0 0
15 8 0 1 0 0
15 8 1 1 0 0
15 8 2 1 0 0
15 8 3 1 0 0
15 8 4 1 0 0
15 8 5 1 0 0
15 8 6 1 0 0
15 8 7 1 0 0
15 8 8 1 0 0
15 8 9 1 0 0
15 8 10 1 0 0
15 8 11 1 0 0
15 8 12 1 0 0
15 8 13 1 0 0
15 8 14 1 0 0
15 8 15 1 0 0
15 9 0 1 0 0
15 9 1 1 0 0
15 9 2 1 0 0
15 9 3 1 0 0
15 9 4 1 0 0
15 9 5 1 0 0
15 9 6 1 0 0
15 9 7 1 0 0
15 9 8 1 0 0
15 9 9 1 0 0
15 9 10 1 0 0
15 9 11 1 0 0
15 9 12 1 0 0
15 9 13 1 0 0
15 9 14 1 0 0
15 9 15 1 0 0
15 10 0 1 0 0
15 10 1 1 0 0
15 10 2 1 0 0
15 10 3 1 0 0
15 10 4 1 0 0
15 10 5 1 0 0
15 10 6 1 0 0
15 10 7 1 0 0
15 10 8 1 0 0
15 10 9 1 0 0
15 10 10 1 0 0
15 10 11 1 0 0
15 10 12 1 0 0
15 10 13 1 0 0
15 10 14 1 0 0
15 10 15 1 0 0
15 11 0 1 0 0
15 11 1 1 0 0
15 11 2 1 0 0
15 11 3 1 0 0
15 11 4 1 0 0
15 11 5 1 0 0
15 11 6 1 0 0
15 11 7 1 0 0
15 11 8 1 0 0
15 11 9 1 0 0
15 11 10 1 0 0
15 11 11 1 0 0
15 11 12 1 0 0
15 11 13 1 0 0
15 11 14 1 0 0
15 11 15 1 0 0
15 12 0 1 0 0
15 12 1 1 0 0
15 12 2 1 0 0
15 12 3 1 0 0
15 12 4 1 0 0
15 12 5 1 0 0
15 12 6 1 0 0
15 12 7 1 0 0
15 12 8 1 0 0
15 12 9 1 0 0
15 12 10 1 0 0
15 12 11 1 0 0
15 12 12 1 0 0
15 12 13 1 0 0
15 12 14 1 0 0
15 12 15 1 0 0
15 13 0 1 0 0
15 13 1 1 0 0
15 13 2 1 0 0
15 13 3 1 0 0
15 13 4 1 0 0
15 13 5 1 0 0
15 13 6 1 0 0
15 13 7 1 0 0
15 13 8 1 0 0
15 13 9 1 0 0
15 13 10 1 0 0
15 13 11 1 0 0
15 13 12 1 0 0
15 13 13 1 0 0
15 13 14 1 0 0
15 13 15 1 0 0
15 14 0 1 0 0
15 14 1 1 0 0
15 14 2 1 0 0
15 14 3 1 0 0
15 14 4 1 0 0
15 14 5 1 0 0
15 14 6 1 0 0
15 14 7 1 0 0
15 14 8 1 0 0
15 14 9 1 0 0
15 14 10 1 0 0
15 14 11 1 0 0
15 14 12 1 0 0
15 14 13 1 0 0
15 14 14 1 0 0
15 14 15 1 0 0
15 15 0 1 0 0
15 15 1 1 0 0
15 15 2 1 0 0
15 15 3 1 0 0
15 15 4 1 0 0
15 15 5 1 0 0
15 15 6 1 0 0
15 15 7 1 0 0
15 15 8 1 0 0
15 15 9 1 0 0
15 15 10 1 0 0
15 15 11 1 0 0
15 15 12 1 0 0
15 15 13 1 0 0
15 15 14 1 0 0
15 15 15 1 0 0
