4
0.25
6 0 3 1 0 0
6 0 4 1 0 0
6 0 5 1 0 0
6 0 6 1 0 0
6 0 7 1 0 0
6 0 8 1 0 0
6 0 9 1 0 0
6 0 10 1 0 0
6 0 11 1 0 0
6 0 12 1 0 0
7 0 3 1 0 0
7 0 4 1 0 0
7 0 5 1 0 0
7 0 6 1 0 0
7 0 7 1 0 0
7 0 8 1 0 0
7 0 9 1 0 0
7 0 10 1 0 0
7 0 11 1 0 0
7 0 12 1 0 0
7 1 3 1 0 0
7 1 4 1 0 0
7 1 5 1 0 0
7 1 6 1 0 0
7 1 7 1 0 0
7 1 8 1 0 0
7 1 9 1 0 0
7 1 10 1 0 0
7 1 11 1 0 0
7 1 12 1 0 0
8 0 3 1 0 0
8 0 4 1 0 0
8 0 5 1 0 0
8 0 6 1 0 0
8 0 7 1 0 0
8 0 8 1 0 0
8 0 9 1 0 0
8 0 10 1 0 0
8 0 11 1 0 0
8 0 12 1 0 0
8 1 3 1 0 0
8 1 4 1 0 0
8 1 5 1 0 0
8 1 6 1 0 0
8 1 7 1 0 0
8 1 8 1 0 0
8 1 9 1 0 0
8 1 10 1 0 0
8 1 11 1 0 0
8 1 12 1 0 0
8 2 3 1 0 0
8 2 4 1 0 0
8 2 5 1 0 0
8 2 6 1 0 0
8 2 7 1 0 0
8 2 8 1 0 0
8 2 9 1 0 0
8 2 10 1 0 0
8 2 11 1 0 0
8 2 12 1 0 0
9 0 3 1 0 0
9 0 4 1 0 0
9 0 5 1 0 0
9 0 6 1 0 0
9 0 7 1 0 0
9 0 8 1 0 0
9 0 9 1 0 0
9 0 10 1 0 0
9 0 11 1 0 0
9 0 12 1 0 0
9 1 3 1 0 0
9 1 4 1 0 0
9 1 5 1 0 0
9 1 6 1 0 0
9 1 7 1 0 0
9 1 8 1 0 0
9 1 9 1 0 0
9 1 10 1 0 0
9 1 11 1 0 0
9 1 12 1 0 0
9 2 3 1 0 0
9 2 4 1 0 0
9 2 5 1 0 0
9 2 6 1 0 0
9 2 7 1 0 0
9 2 8 1 0 0
9 2 9 1 0 0
9 2 10 1 0 0
9 2 11 1 0 0
9 2 12 1 0 0
9 3 3 1 0 0
9 3 4 1 0 0
9 3 5 1 0 0
9 3 6 1 0 0
9 3 7 1 0 0
9 3 8 1 0 0
9 3 9 1 0 0
9 3 10 1 0 0
9 3 11 1 0 0
9 3 12 1 0 0
10 0 3 1 0 0
10 0 4 1 0 0
10 0 5 1 0 0
10 0 6 1 0 0
10 0 7 1 0 0
10 0 8 1 0 0
10 0 9 1 0 0
10 0 10 1 0 0
10 0 11 1 0 0
10 0 12 1 0 0
10 1 3 1 0 0
10 1 4 1 0 0
10 1 5 1 0 0
10 1 6 1 0 0
10 1 7 1 0 0
10 1 8 1 0 0
10 1 9 1 0 0
10 1 10 1 0 0
10 1 11 1 0 0
10 1 12 1 0 0
10 2 3 1 0 0
10 2 4 1 0 0
10 2 5 1 0 0
10 2 6 1 0 0
10 2 7 1 0 0
10 2 8 1 0 0
10 2 9 1 0 0
10 2 10 1 0 0
10 2 11 1 0 0
10 2 12 1 0 0
10 3 3 1 0 0
10 3 4 1 0 0
10 3 5 1 0 0
10 3 6 1 0 0
10 3 7 1 0 0
10 3 8 1 0 0
10 3 9 1 0 0
10 3 10 1 0 0
10 3 11 1 0 0
10 3 12 1 0 0
10 4 3 1 0 0
10 4 4 1 0 0
10 4 5 1 0 0
10 4 6 1 0 0
10 4 7 1 0 0
10 4 8 1 0 0
10 4 9 1 0 0
10 4 10 1 0 0
10 4 11 1 0 0
10 4 12 1 0 0
11 0 3 1 0 0
11 0 4 1 0 0
11 0 5 1 0 0
11 0 6 1 0 0
11 0 7 1 0 0
11 0 8 1 0 0
11 0 9 1 0 0
11 0 10 1 0 0
11 0 11 1 0 0
11 0 12 1 0 0
11 1 3 1 0 0
11 1 4 1 0 0
11 1 5 1 0 0
11 1 6 1 0 0
11 1 7 1 0 0
11 1 8 1 0 0
11 1 9 1 0 0
11 1 10 1 0 0
11 1 11 1 0 0
11 1 12 1 0 0
11 2 3 1 0 0
11 2 4 1 0 0
11 2 5 1 0 0
11 2 6 1 0 0
11 2 7 1 0 0
11 2 8 1 0 0
11 2 9 1 0 0
11 2 10 1 0 0
11 2 11 1 0 0
11 2 12 1 0 0
11 3 3 1 0 0
11 3 4 1 0 0
11 3 5 1 0 0
11 3 6 1 0 0
11 3 7 1 0 0
11 3 8 1 0 0
11 3 9 1 0 0
11 3 10 1 0 0
11 3 11 1 0 0
11 3 12 1 0 0
11 4 3 1 0 0
11 4 4 1 0 0
11 4 5 1 0 0
11 4 6 1 0 0
11 4 7 1 0 0
11 4 8 1 0 0
11 4 9 1 0 0
11 4 10 1 0 0
11 4 11 1 0 0
11 4 12 1 0 0
11 5 3 1 0 0
11 5 4 1 0 0
11 5 5 1 0 0
11 5 6 1 0 0
11 5 7 1 0 0
11 5 8 1 0 0
11 5 9 1 0 0
11 5 10 1 0 0
11 5 11 1 0 0
11 5 12 1 0 0
12 0 3 1 0 0
12 0 4 1 0 0
12 0 5 1 0 0
12 0 6 1 0 0
12 0 7 1 0 0
12 0 8 1 0 0
12 0 9 1 0 0
12 0 10 1 0 0
12 0 11 1 0 0
12 0 12 1 0 0
12 1 3 1 0 0
12 1 4 1 0 0
12 1 5 1 0 0
12 1 6 1 0 0
12 1 7 1 0 0
12 1 8 1 0 0
12 1 9 1 0 0
12 1 10 1 0 0
12 1 11 1 0 0
12 1 12 1 0 0
12 2 3 1 0 0
12 2 4 1 0 0
12 2 5 1 0 0
12 2 6 1 0 0
12 2 7 1 0 0
12 2 8 1 0 0
12 2 9 1 0 0
12 2 10 1 0 0
12 2 11 1 0 0
12 2 12 1 0 0
12 3 3 1 0 0
12 3 4 1 0 0
12 3 5 1 0 0
12 3 6 1 0 0
12 3 7 1 0 0
12 3 8 1 0 0
12 3 9 1 0 0
12 3 10 1 0 0
12 3 11 1 0 0
12 3 12 1 0 0
12 4 3 1 0 0
12 4 4 1 0 0
12 4 5 1 0 0
12 4 6 1 0 0
12 4 7 1 0 0
12 4 8 1 0 0
12 4 9 1 0 0
12 4 10 1 0 0
12 4 11 1 0 0
12 4 12 1 0 0
12 5 3 1 0 0
12 5 4 1 0 0
12 5 5 1 0 0
12 5 6 1 0 0
12 5 7 1 0 0
12 5 8 1 0 0
12 5 9 1 0 0
12 5 10 1 0 0
12 5 11 1 0 0
12 5 12 1 0 0
12 6 3 1 0 0
12 6 4 1 0 0
12 6 5 1 0 0
12 6 6 1 0 0
12 6 7 1 0 0
12 6 8 1 0 0
12 6 9 1 0 0
12 6 10 1 0 0
12 6 11 1 0 0
12 6 12 1 0 0
13 0 3 1 0 0
13 0 4 1 0 0
13 0 5 1 0 0
13 0 6 1 0 0
13 0 7 1 0 0
13 0 8 1 0 0
13 0 9 1 0 0
13 0 10 1 0 0
13 0 11 1 0 0
13 0 12 1 0 0
13 1 3 1 0 0
13 1 4 1 0 0
13 1 5 1 0 0
13 1 6 1 0 0
13 1 7 1 0 0
13 1 8 1 0 0
13 1 9 1 0 0
13 1 10 1 0 0
13 1 11 1 0 0
13 1 12 1 0 0
13 2 3 1 0 0
13 2 4 1 0 0
13 2 5 1 0 0
13 2 6 1 0 0
13 2 7 1 0 0
13 2 8 1 0 0
13 2 9 1 0 0
13 2 10 1 0 0
13 2 11 1 0 0
13 2 12 1 0 0
13 3 3 1 0 0
13 3 4 1 0 0
13 3 5 1 0 0
13 3 6 1 0 0
13 3 7 1 0 0
13 3 8 1 0 0
13 3 9 1 0 0
13 3 10 1 0 0
13 3 11 1 0 0
13 3 12 1 0 0
13 4 3 1 0 0
13 4 4 1 0 0
13 4 5 1 0 0
13 4 6 1 0 0
13 4 7 1 0 0
13 4 8 1 0 0
13 4 9 1 0 0
13 4 10 1 0 0
13 4 11 1 0 0
13 4 12 1 0 0
13 5 3 1 0 0
13 5 4 1 0 0
13 5 5 1 0 0
13 5 6 1 0 0
13 5 7 1 0 0
13 5 8 1 0 0
13 5 9 1 0 0
13 5 10 1 0 0
13 5 11 1 0 0
13 5 12 1 0 0
13 6 3 1 0 0
13 6 4 1 0 0
13 6 5 1 0 0
13 6 6 1 0 0
13 6 7 1 0 0
13 6 8 1 0 0
13 6 9 1 0 0
13 6 10 1 0 0
13 6 11 1 0 0
13 6 12 1 0 0
13 7 3 1 0 0
13 7 4 1 0 0
13 7 5 1 0 0
13 7 6 1 0 0
13 7 7 1 0 0
13 7 8 1 0 0
13 7 9 1 0 0
13 7 10 1 0 0
13 7 11 1 0 0
13 7 12 1 0 0
14 1 3 1 0 0
14 1 4 1 0 0
14 1 5 1 0 0
14 1 6 1 0 0
14 1 7 1 0 0
14 1 8 1 0 0
14 1 9 1 0 0
14 1 10 1 0 0
14 1 11 1 0 0
14 1 12 1 0 0
14 2 3 1 0 0
14 2 4 1 0 0
14 2 5 1 0 0
14 2 6 1 0 0
14 2 7 1 0 0
14 2 8 1 0 0
14 2 9 1 0 0
14 2 10 1 0 0
14 2 11 1 0 0
14 2 12 1 0 0
14 3 3 1 0 0
14 3 4 1 0 0
14 3 5 1 0 0
14 3 6 1 0 0
14 3 7 1 0 0
14 3 8 1 0 0
14 3 9 1 0 0
14 3 10 1 0 0
14 3 11 1 0 0
14 3 12 1 0 0
14 4 3 1 0 0
14 4 4 1 0 0
14 4 5 1 0 0
14 4 6 1 0 0
14 4 7 1 0 0
14 4 8 1 0 0
14 4 9 1 0 0
14 4 10 1 0 0
14 4 11 1 0 0
14 4 12 1 0 0
14 5 3 1 0 0
14 5 4 1 0 0
14 5 5 1 0 0
14 5 6 1 0 0
14 5 7 1 0 0
14 5 8 1 0 0
14 5 9 1 0 0
14 5 10 1 0 0
14 5 11 1 0 0
14 5 12 1 0 0
14 6 3 1 0 0
14 6 4 1 0 0
14 6 5 1 0 0
14 6 6 1 0 0
14 6 7 1 0 0
14 6 8 1 0 0
14 6 9 1 0 0
14 6 10 1 0 0
14 6 11 1 0 0
14 6 12 1 0 0
14 7 3 1 0 0
14 7 4 1 0 0
14 7 5 1 0 0
14 7 6 1 0 0
14 7 7 1 0 0
14 7 8 1 0 0
14 7 9 1 0 0
14 7 10 1 0 0
14 7 11 1 0 0
14 7 12 1 0 0
14 8 3 1 0 0
14 8 4 1 0 0
14 8 5 1 0 0
14 8 6 1 0 0
14 8 7 1 0 0
14 8 8 1 0 0
14 8 9 1 0 0
14 8 10 1 0 0
14 8 11 1 0 0
14 8 12 1 0 0
15 2 3 1 0 0
15 2 4 1 0 0
15 2 5 1 0 0
15 2 6 1 0 0
15 2 7 1 0 0
15 2 8 1 0 0
15 2 9 1 0 0
15 2 10 1 0 0
15 2 11 1 0 0
15 2 12 1 0 0
15 3 3 1 0 0
15 3 4 1 0 0
15 3 5 1 0 0
15 3 6 1 0 0
15 3 7 1 0 0
15 3 8 1 0 0
15 3 9 1 0 0
15 3 10 1 0 0
15 3 11 1 0 0
15 3 12 1 0 0
15 4 3 1 0 0
15 4 4 1 0 0
15 4 5 1 0 0
15 4 6 1 0 0
15 4 7 1 0 0
15 4 8 1 0 0
15 4 9 1 0 0
15 4 10 1 0 0
15 4 11 1 0 0
15 4 12 1 0 0
15 5 3 1 0 0
15 5 4 1 0 0
15 5 5 1 0 0
15 5 6 1 0 0
15 5 7 1 0 0
15 5 8 1 0 0
15 5 9 1 0 0
15 5 10 1 0 0
15 5 11 1 0 0
15 5 12 1 0 0
15 6 3 1 0 0
15 6 4 1 0 0
15 6 5 1 0 0
15 6 6 1 0 0
15 6 7 1 0 0
15 6 8 1 0 0
15 6 9 1 0 0
15 6 10 1 0 0
15 6 11 1 0 0
15 6 12 1 0 0
15 7 3 1 0 0
15 7 4 1 0 0
15 7 5 1 0 0
15 7 6 1 0 0
15 7 7 1 0 0
15 7 8 1 0 0
15 7 9 1 0 0
15 7 10 1 0 0
15 7 11 1 0 0
15 7 12 1 0 0
15 8 3 1 0 0
15 8 4 1 0 0
15 8 5 1 0 0
15 8 6 1 0 0
15 8 7 1 0 0
15 8 8 1 0 0
15 8 9 1 0 0
15 8 10 1 0 0
15 8 11 1 0 0
15 8 12 1 0 0
15 9 3 1 0 0
15 9 4 1 0 0
15 9 5 1 0 0
15 9 6 1 0 0
15 9 7 1 0 0
15 9 8 1 0 0
15 9 9 1 0 0
15 9 10 1 0 0
15 9 11 1 0 0
15 9 12 1 0 0
