4
0.25
6 15 3 1 0 0
6 15 4 1 0 0
6 15 5 1 0 0
6 15 6 1 0 0
6 15 7 1 0 0
6 15 8 1 0 0
6 15 9 1 0 0
6 15 10 1 0 0
6 15 11 1 0 0
6 15 12 1 0 0
7 14 3 1 0 0
7 14 4 1 0 0
7 14 5 1 0 0
7 14 6 1 0 0
7 14 7 1 0 0
7 14 8 1 0 0
7 14 9 1 0 0
7 14 10 1 0 0
7 14 11 1 0 0
7 14 12 1 0 0
7 15 3 1 0 0
7 15 4 1 0 0
7 15 5 1 0 0
7 15 6 1 0 0
7 15 7 1 0 0
7 15 8 1 0 0
7 15 9 1 0 0
7 15 10 1 0 0
7 15 11 1 0 0
7 15 12 1 0 0
8 13 3 1 0 0
8 13 4 1 0 0
8 13 5 1 0 0
8 13 6 1 0 0
8 13 7 1 0 0
8 13 8 1 0 0
8 13 9 1 0 0
8 13 10 1 0 0
8 13 11 1 0 0
8 13 12 1 0 0
8 14 3 1 0 0
8 14 4 1 0 0
8 14 5 1 0 0
8 14 6 1 0 0
8 14 7 1 0 0
8 14 8 1 0 0
8 14 9 1 0 0
8 14 10 1 0 0
8 14 11 1 0 0
8 14 12 1 0 0
8 15 3 1 0 0
8 15 4 1 0 0
8 15 5 1 0 0
8 15 6 1 0 0
8 15 7 1 0 0
8 15 8 1 0 0
8 15 9 1 0 0
8 15 10 1 0 0
8 15 11 1 0 0
8 15 12 1 0 0
9 12 3 1 0 0
9 12 4 1 0 0
9 12 5 1 0 0
9 12 6 1 0 0
9 12 7 1 0 0
9 12 8 1 0 0
9 12 9 1 0 0
9 12 10 1 0 0
9 12 11 1 0 0
9 12 12 1 0 0
9 13 3 1 0 0
9 13 4 1 0 0
9 13 5 1 0 0
9 13 6 1 0 0
9 13 7 1 0 0
9 13 8 1 0 0
9 13 9 1 0 0
9 13 10 1 0 0
9 13 11 1 0 0
9 13 12 1 0 0
9 14 3 1 0 0
9 14 4 1 0 0
9 14 5 1 0 0
9 14 6 1 0 0
9 14 7 1 0 0
9 14 8 1 0 0
9 14 9 1 0 0
9 14 10 1 0 0
9 14 11 1 0 0
9 14 12 1 0 0
9 15 3 1 0 0
9 15 4 1 0 0
9 15 5 1 0 0
9 15 6 1 0 0
9 15 7 1 0 0
9 15 8 1 0 0
9 15 9 1 0 0
9 15 10 1 0 0
9 15 11 1 0 0
9 15 12 1 0 0
10 11 3 1 0 0
10 11 4 1 0 0
10 11 5 1 0 0
10 11 6 1 0 0
10 11 7 1 0 0
10 11 8 1 0 0
10 11 9 1 0 0
10 11 10 1 0 0
10 11 11 1 0 0
10 11 12 1 0 0
10 12 3 1 0 0
10 12 4 1 0 0
10 12 5 1 0 0
10 12 6 1 0 0
10 12 7 1 0 0
10 12 8 1 0 0
10 12 9 1 0 0
10 12 10 1 0 0
10 12 11 1 0 0
10 12 12 1 0 0
10 13 3 1 0 0
10 13 4 1 0 0
10 13 5 1 0 0
10 13 6 1 0 0
10 13 7 1 0 0
10 13 8 1 0 0
10 13 9 1 0 0
10 13 10 1 0 0
10 13 11 1 0 0
10 13 12 1 0 0
10 14 3 1 0 0
10 14 4 1 0 0
10 14 5 1 0 0
10 14 6 1 0 0
10 14 7 1 0 0
10 14 8 1 0 0
10 14 9 1 0 0
10 14 10 1 0 0
10 14 11 1 0 0
10 14 12 1 0 0
10 15 3 1 0 0
10 15 4 1 0 0
10 15 5 1 0 0
10 15 6 1 0 0
10 15 7 1 0 0
10 15 8 1 0 0
10 15 9 1 0 0
10 15 10 1 0 0
10 15 11 1 0 0
10 15 12 1 0 0
11 10 3 1 0 0
11 10 4 1 0 0
11 10 5 1 0 0
11 10 6 1 0 0
11 10 7 1 0 0
11 10 8 1 0 0
11 10 9 1 0 0
11 10 10 1 0 0
11 10 11 1 0 0
11 10 12 1 0 0
11 11 3 1 0 0
11 11 4 1 0 0
11 11 5 1 0 0
11 11 6 1 0 0
11 11 7 1 0 0
11 11 8 1 0 0
11 11 9 1 0 0
11 11 10 1 0 0
11 11 11 1 0 0
11 11 12 1 0 0
11 12 3 1 0 0
11 12 4 1 0 0
11 12 5 1 0 0
11 12 6 1 0 0
11 12 7 1 0 0
11 12 8 1 0 0
11 12 9 1 0 0
11 12 10 1 0 0
11 12 11 1 0 0
11 12 12 1 0 0
11 13 3 1 0 0
11 13 4 1 0 0
11 13 5 1 0 0
11 13 6 1 0 0
11 13 7 1 0 0
11 13 8 1 0 0
11 13 9 1 0 0
11 13 10 1 0 0
11 13 11 1 0 0
11 13 12 1 0 0
11 14 3 1 0 0
11 14 4 1 0 0
11 14 5 1 0 0
11 14 6 1 0 0
11 14 7 1 0 0
11 14 8 1 0 0
11 14 9 1 0 0
11 14 10 1 0 0
11 14 11 1 0 0
11 14 12 1 0 0
11 15 3 1 0 0
11 15 4 1 0 0
11 15 5 1 0 0
11 15 6 1 0 0
11 15 7 1 0 0
11 15 8 1 0 0
11 15 9 1 0 0
11 15 10 1 0 0
11 15 11 1 0 0
11 15 12 1 0 0
12 9 3 1 0 0
12 9 4 1 0 0
12 9 5 1 0 0
12 9 6 1 0 0
12 9 7 1 0 0
12 9 8 1 0 0
12 9 9 1 0 0
12 9 10 1 0 0
12 9 11 1 0 0
12 9 12 1 0 0
12 10 3 1 0 0
12 10 4 1 0 0
12 10 5 1 0 0
12 10 6 1 0 0
12 10 7 1 0 0
12 10 8 1 0 0
12 10 9 1 0 0
12 10 10 1 0 0
12 10 11 1 0 0
12 10 12 1 0 0
12 11 3 1 0 0
12 11 4 1 0 0
12 11 5 1 0 0
12 11 6 1 0 0
12 11 7 1 0 0
12 11 8 1 0 0
12 11 9 1 0 0
12 11 10 1 0 0
12 11 11 1 0 0
12 11 12 1 0 0
12 12 3 1 0 0
12 12 4 1 0 0
12 12 5 1 0 0
12 12 6 1 0 0
12 12 7 1 0 0
12 12 8 1 0 0
12 12 9 1 0 0
12 12 10 1 0 0
12 12 11 1 0 0
12 12 12 1 0 0
12 13 3 1 0 0
12 13 4 1 0 0
12 13 5 1 0 0
12 13 6 1 0 0
12 13 7 1 0 0
12 13 8 1 0 0
12 13 9 1 0 0
12 13 10 1 0 0
12 13 11 1 0 0
12 13 12 1 0 0
12 14 3 1 0 0
12 14 4 1 0 0
12 14 5 1 0 0
12 14 6 1 0 0
12 14 7 1 0 0
12 14 8 1 0 0
12 14 9 1 0 0
12 14 10 1 0 0
12 14 11 1 0 0
12 14 12 1 0 0
12 15 3 1 0 0
12 15 4 1 0 0
12 15 5 1 0 0
12 15 6 1 0 0
12 15 7 1 0 0
12 15 8 1 0 0
12 15 9 1 0 0
12 15 10 1 0 0
12 15 11 1 0 0
12 15 12 1 0 0
13 8 3 1 0 0
13 8 4 1 0 0
13 8 5 1 0 0
13 8 6 1 0 0
13 8 7 1 0 0
13 8 8 1 0 0
13 8 9 1 0 0
13 8 10 1 0 0
13 8 11 1 0 0
13 8 12 1 0 0
13 9 3 1 0 0
13 9 4 1 0 0
13 9 5 1 0 0
13 9 6 1 0 0
13 9 7 1 0 0
13 9 8 1 0 0
13 9 9 1 0 0
13 9 10 1 0 0
13 9 11 1 0 0
13 9 12 1 0 0
13 10 3 1 0 0
13 10 4 1 0 0
13 10 5 1 0 0
13 10 6 1 0 0
13 10 7 1 0 0
13 10 8 1 0 0
13 10 9 1 0 0
13 10 10 1 0 0
13 10 11 1 0 0
13 10 12 1 0 0
13 11 3 1 0 0
13 11 4 1 0 0
13 11 5 1 0 0
13 11 6 1 0 0
13 11 7 1 0 0
13 11 8 1 0 0
13 11 9 1 0 0
13 11 10 1 0 0
13 11 11 1 0 0
13 11 12 1 0 0
13 12 3 1 0 0
13 12 4 1 0 0
13 12 5 1 0 0
13 12 6 1 0 0
13 12 7 1 0 0
13 12 8 1 0 0
13 12 9 1 0 0
13 12 10 1 0 0
13 12 11 1 0 0
13 12 12 1 0 0
13 13 3 1 0 0
13 13 4 1 0 0
13 13 5 1 0 0
13 13 6 1 0 0
13 13 7 1 0 0
13 13 8 1 0 0
13 13 9 1 0 0
13 13 10 1 0 0
13 13 11 1 0 0
13 13 12 1 0 0
13 14 3 1 0 0
13 14 4 1 0 0
13 14 5 1 0 0
13 14 6 1 0 0
13 14 7 1 0 0
13 14 8 1 0 0
13 14 9 1 0 0
13 14 10 1 0 0
13 14 11 1 0 0
13 14 12 1 0 0
13 15 3 1 0 0
13 15 4 1 0 0
13 15 5 1 0 0
13 15 6 1 0 0
13 15 7 1 0 0
13 15 8 1 0 0
13 15 9 1 0 0
13 15 10 1 0 0
13 15 11 1 0 0
13 15 12 1 0 0
14 7 3 1 0 0
14 7 4 1 0 0
14 7 5 1 0 0
14 7 6 1 0 0
14 7 7 1 0 0
14 7 8 1 0 0
14 7 9 1 0 0
14 7 10 1 0 0
14 7 11 1 0 0
14 7 12 1 0 0
14 8 3 1 0 0
14 8 4 1 0 0
14 8 5 1 0 0
14 8 6 1 0 0
14 8 7 1 0 0
14 8 8 1 0 0
14 8 9 1 0 0
14 8 10 1 0 0
14 8 11 1 0 0
14 8 12 1 0 0
14 9 3 1 0 0
14 9 4 1 0 0
14 9 5 1 0 0
14 9 6 1 0 0
14 9 7 1 0 0
14 9 8 1 0 0
14 9 9 1 0 0
14 9 10 1 0 0
14 9 11 1 0 0
14 9 12 1 0 0
14 10 3 1 0 0
14 10 4 1 0 0
14 10 5 1 0 0
14 10 6 1 0 0
14 10 7 1 0 0
14 10 8 1 0 0
14 10 9 1 0 0
14 10 10 1 0 0
14 10 11 1 0 0
14 10 12 1 0 0
14 11 3 1 0 0
14 11 4 1 0 0
14 11 5 1 0 0
14 11 6 1 0 0
14 11 7 1 0 0
14 11 8 1 0 0
14 11 9 1 0 0
14 11 10 1 0 0
14 11 11 1 0 0
14 11 12 1 0 0
14 12 3 1 0 0
14 12 4 1 0 0
14 12 5 1 0 0
14 12 6 1 0 0
14 12 7 1 0 0
14 12 8 1 0 0
14 12 9 1 0 0
14 12 10 1 0 0
14 12 11 1 0 0
14 12 12 1 0 0
14 13 3 1 0 0
14 13 4 1 0 0
14 13 5 1 0 0
14 13 6 1 0 0
14 13 7 1 0 0
14 13 8 1 0 0
14 13 9 1 0 0
14 13 10 1 0 0
14 13 11 1 0 0
14 13 12 1 0 0
14 14 3 1 0 0
14 14 4 1 0 0
14 14 5 1 0 0
14 14 6 1 0 0
14 14 7 1 0 0
14 14 8 1 0 0
14 14 9 1 0 0
14 14 10 1 0 0
14 14 11 1 0 0
14 14 12 1 0 0
15 6 3 1 0 0
15 6 4 1 0 0
15 6 5 1 0 0
15 6 6 1 0 0
15 6 7 1 0 0
15 6 8 1 0 0
15 6 9 1 0 0
15 6 10 1 0 0
15 6 11 1 0 0
15 6 12 1 0 0
15 7 3 1 0 0
15 7 4 1 0 0
15 7 5 1 0 0
15 7 6 1 0 0
15 7 7 1 0 0
15 7 8 1 0 0
15 7 9 1 0 0
15 7 10 1 0 0
15 7 11 1 0 0
15 7 12 1 0 0
15 8 3 1 0 0
15 8 4 1 0 0
15 8 5 1 0 0
15 8 6 1 0 0
15 8 7 1 0 0
15 8 8 1 0 0
15 8 9 1 0 0
15 8 10 1 0 0
15 8 11 1 0 0
15 8 12 1 0 0
15 9 3 1 0 0
15 9 4 1 0 0
15 9 5 1 0 0
15 9 6 1 0 0
15 9 7 1 0 0
15 9 8 1 0 0
15 9 9 1 0 0
15 9 10 1 0 0
15 9 11 1 0 0
15 9 12 1 0 0
15 10 3 1 0 0
15 10 4 1 0 0
15 10 5 1 0 0
15 10 6 1 0 0
15 10 7 1 0 0
15 10 8 1 0 0
15 10 9 1 0 0
15 10 10 1 0 0
15 10 11 1 0 0
15 10 12 1 0 0
15 11 3 1 0 0
15 11 4 1 0 0
15 11 5 1 0 0
15 11 6 1 0 0
15 11 7 1 0 0
15 11 8 1 0 0
15 11 9 1 0 0
15 11 10 1 0 0
15 11 11 1 0 0
15 11 12 1 0 0
15 12 3 1 0 0
15 12 4 1 0 0
15 12 5 1 0 0
15 12 6 1 0 0
15 12 7 1 0 0
15 12 8 1 0 0
15 12 9 1 0 0
15 12 10 1 0 0
15 12 11 1 0 0
15 12 12 1 0 0
15 13 3 1 0 0
15 13 4 1 0 0
15 13 5 1 0 0
15 13 6 1 0 0
15 13 7 1 0 0
15 13 8 1 0 0
15 13 9 1 0 0
15 13 10 1 0 0
15 13 11 1 0 0
15 13 12 1 0 0
