4
0.25
7 0 13 1 0 0
7 0 14 1 0 0
7 0 15 1 0 0
7 1 12 1 0 0
7 1 13 1 0 0
7 1 14 1 0 0
7 1 15 1 0 0
7 2 11 1 0 0
7 2 12 1 0 0
7 2 13 1 0 0
7 2 14 1 0 0
7 2 15 1 0 0
7 3 10 1 0 0
7 3 11 1 0 0
7 3 12 1 0 0
7 3 13 1 0 0
7 3 14 1 0 0
7 4 9 1 0 0
7 4 10 1 0 0
7 4 11 1 0 0
7 4 12 1 0 0
7 4 13 1 0 0
7 5 8 1 0 0
7 5 9 1 0 0
7 5 10 1 0 0
7 5 11 1 0 0
7 5 12 1 0 0
7 6 7 1 0 0
7 6 8 1 0 0
7 6 9 1 0 0
7 6 10 1 0 0
7 6 11 1 0 0
7 7 6 1 0 0
7 7 7 1 0 0
7 7 8 1 0 0
7 7 9 1 0 0
7 7 10 1 0 0
7 8 5 1 0 0
7 8 6 1 0 0
7 8 7 1 0 0
7 8 8 1 0 0
7 8 9 1 0 0
7 9 4 1 0 0
7 9 5 1 0 0
7 9 6 1 0 0
7 9 7 1 0 0
7 9 8 1 0 0
7 10 3 1 0 0
7 10 4 1 0 0
7 10 5 1 0 0
7 10 6 1 0 0
7 10 7 1 0 0
7 11 2 1 0 0
7 11 3 1 0 0
7 11 4 1 0 0
7 11 5 1 0 0
7 11 6 1 0 0
7 12 1 1 0 0
7 12 2 1 0 0
7 12 3 1 0 0
7 12 4 1 0 0
7 12 5 1 0 0
7 13 0 1 0 0
7 13 1 1 0 0
7 13 2 1 0 0
7 13 3 1 0 0
7 13 4 1 0 0
7 14 0 1 0 0
7 14 1 1 0 0
7 14 2 1 0 0
7 14 3 1 0 0
7 15 0 1 0 0
7 15 1 1 0 0
7 15 2 1 0 0
8 0 13 1 0 0
8 0 14 1 0 0
8 0 15 1 0 0
8 1 12 1 0 0
8 1 13 1 0 0
8 1 14 1 0 0
8 1 15 1 0 0
8 2 11 1 0 0
8 2 12 1 0 0
8 2 13 1 0 0
8 2 14 1 0 0
8 2 15 1 0 0
8 3 10 1 0 0
8 3 11 1 0 0
8 3 12 1 0 0
8 3 13 1 0 0
8 3 14 1 0 0
8 4 9 1 0 0
8 4 10 1 0 0
8 4 11 1 0 0
8 4 12 1 0 0
8 4 13 1 0 0
8 5 8 1 0 0
8 5 9 1 0 0
8 5 10 1 0 0
8 5 11 1 0 0
8 5 12 1 0 0
8 6 7 1 0 0
8 6 8 1 0 0
8 6 9 1 0 0
8 6 10 1 0 0
8 6 11 1 0 0
8 7 6 1 0 0
8 7 7 1 0 0
8 7 8 1 0 0
8 7 9 1 0 0
8 7 10 1 0 0
8 8 5 1 0 0
8 8 6 1 0 0
8 8 7 1 0 0
8 8 8 1 0 0
8 8 9 1 0 0
8 9 4 1 0 0
8 9 5 1 0 0
8 9 6 1 0 0
8 9 7 1 0 0
8 9 8 1 0 0
8 10 3 1 0 0
8 10 4 1 0 0
8 10 5 1 0 0
8 10 6 1 0 0
8 10 7 1 0 0
8 11 2 1 0 0
8 11 3 1 0 0
8 11 4 1 0 0
8 11 5 1 0 0
8 11 6 1 0 0
8 12 1 1 0 0
8 12 2 1 0 0
8 12 3 1 0 0
8 12 4 1 0 0
8 12 5 1 0 0
8 13 0 1 0 0
8 13 1 1 0 0
8 13 2 1 0 0
8 13 3 1 0 0
8 13 4 1 0 0
8 14 0 1 0 0
8 14 1 1 0 0
8 14 2 1 0 0
8 14 3 1 0 0
8 15 0 1 0 0
8 15 1 1 0 0
8 15 2 1 0 0
9 0 13 1 0 0
9 0 14 1 0 0
9 0 15 1 0 0
9 1 12 1 0 0
9 1 13 1 0 0
9 1 14 1 0 0
9 1 15 1 0 0
9 2 11 1 0 0
9 2 12 1 0 0
9 2 13 1 0 0
9 2 14 1 0 0
9 2 15 1 0 0
9 3 10 1 0 0
9 3 11 1 0 0
9 3 12 1 0 0
9 3 13 1 0 0
9 3 14 1 0 0
9 4 9 1 0 0
9 4 10 1 0 0
9 4 11 1 0 0
9 4 12 1 0 0
9 4 13 1 0 0
9 5 8 1 0 0
9 5 9 1 0 0
9 5 10 1 0 0
9 5 11 1 0 0
9 5 12 1 0 0
9 6 7 1 0 0
9 6 8 1 0 0
9 6 9 1 0 0
9 6 10 1 0 0
9 6 11 1 0 0
9 7 6 1 0 0
9 7 7 1 0 0
9 7 8 1 0 0
9 7 9 1 0 0
9 7 10 1 0 0
9 8 5 1 0 0
9 8 6 1 0 0
9 8 7 1 0 0
9 8 8 1 0 0
9 8 9 1 0 0
9 9 4 1 0 0
9 9 5 1 0 0
9 9 6 1 0 0
9 9 7 1 0 0
9 9 8 1 0 0
9 10 3 1 0 0
9 10 4 1 0 0
9 10 5 1 0 0
9 10 6 1 0 0
9 10 7 1 0 0
9 11 2 1 0 0
9 11 3 1 0 0
9 11 4 1 0 0
9 11 5 1 0 0
9 11 6 1 0 0
9 12 1 1 0 0
9 12 2 1 0 0
9 12 3 1 0 0
9 12 4 1 0 0
9 12 5 1 0 0
9 13 0 1 0 0
9 13 1 1 0 0
9 13 2 1 0 0
9 13 3 1 0 0
9 13 4 1 0 0
9 14 0 1 0 0
9 14 1 1 0 0
9 14 2 1 0 0
9 14 3 1 0 0
9 15 0 1 0 0
9 15 1 1 0 0
9 15 2 1 0 0
10 0 13 1 0 0
10 0 14 1 0 0
10 0 15 1 0 0
10 1 12 1 0 0
10 1 13 1 0 0
10 1 14 1 0 0
10 1 15 1 0 0
10 2 11 1 0 0
10 2 12 1 0 0
10 2 13 1 0 0
10 2 14 1 0 0
10 2 15 1 0 0
10 3 10 1 0 0
10 3 11 1 0 0
10 3 12 1 0 0
10 3 13 1 0 0
10 3 14 1 0 0
10 4 9 1 0 0
10 4 10 1 0 0
10 4 11 1 0 0
10 4 12 1 0 0
10 4 13 1 0 0
10 5 8 1 0 0
10 5 9 1 0 0
10 5 10 1 0 0
10 5 11 1 0 0
10 5 12 1 0 0
10 6 7 1 0 0
10 6 8 1 0 0
10 6 9 1 0 0
10 6 10 1 0 0
10 6 11 1 0 0
10 7 6 1 0 0
10 7 7 1 0 0
10 7 8 1 0 0
10 7 9 1 0 0
10 7 10 1 0 0
10 8 5 1 0 0
10 8 6 1 0 0
10 8 7 1 0 0
10 8 8 1 0 0
10 8 9 1 0 0
10 9 4 1 0 0
10 9 5 1 0 0
10 9 6 1 0 0
10 9 7 1 0 0
10 9 8 1 0 0
10 10 3 1 0 0
10 10 4 1 0 0
10 10 5 1 0 0
10 10 6 1 0 0
10 10 7 1 0 0
10 11 2 1 0 0
10 11 3 1 0 0
10 11 4 1 0 0
10 11 5 1 0 0
10 11 6 1 0 0
10 12 1 1 0 0
10 12 2 1 0 0
10 12 3 1 0 0
10 12 4 1 0 0
10 12 5 1 0 0
10 13 0 1 0 0
10 13 1 1 0 0
10 13 2 1 0 0
10 13 3 1 0 0
10 13 4 1 0 0
10 14 0 1 0 0
10 14 1 1 0 0
10 14 2 1 0 0
10 14 3 1 0 0
10 15 0 1 0 0
10 15 1 1 0 0
10 15 2 1 0 0
11 0 13 1 0 0
11 0 14 1 0 0
11 0 15 1 0 0
11 1 12 1 0 0
11 1 13 1 0 0
11 1 14 1 0 0
11 1 15 1 0 0
11 2 11 1 0 0
11 2 12 1 0 0
11 2 13 1 0 0
11 2 14 1 0 0
11 2 15 1 0 0
11 3 10 1 0 0
11 3 11 1 0 0
11 3 12 1 0 0
11 3 13 1 0 0
11 3 14 1 0 0
11 4 9 1 0 0
11 4 10 1 0 0
11 4 11 1 0 0
11 4 12 1 0 0
11 4 13 1 0 0
11 5 8 1 0 0
11 5 9 1 0 0
11 5 10 1 0 0
11 5 11 1 0 0
11 5 12 1 0 0
11 6 7 1 0 0
11 6 8 1 0 0
11 6 9 1 0 0
11 6 10 1 0 0
11 6 11 1 0 0
11 7 6 1 0 0
11 7 7 1 0 0
11 7 8 1 0 0
11 7 9 1 0 0
11 7 10 1 0 0
11 8 5 1 0 0
11 8 6 1 0 0
11 8 7 1 0 0
11 8 8 1 0 0
11 8 9 1 0 0
11 9 4 1 0 0
11 9 5 1 0 0
11 9 6 1 0 0
11 9 7 1 0 0
11 9 8 1 0 0
11 10 3 1 0 0
11 10 4 1 0 0
11 10 5 1 0 0
11 10 6 1 0 0
11 10 7 1 0 0
11 11 2 1 0 0
11 11 3 1 0 0
11 11 4 1 0 0
11 11 5 1 0 0
11 11 6 1 0 0
11 12 1 1 0 0
11 12 2 1 0 0
11 12 3 1 0 0
11 12 4 1 0 0
11 12 5 1 0 0
11 13 0 1 0 0
11 13 1 1 0 0
11 13 2 1 0 0
11 13 3 1 0 0
11 13 4 1 0 0
11 14 0 1 0 0
11 14 1 1 0 0
11 14 2 1 0 0
11 14 3 1 0 0
11 15 0 1 0 0
11 15 1 1 0 0
11 15 2 1 0 0
12 0 13 1 0 0
12 0 14 1 0 0
12 0 15 1 0 0
12 1 12 1 0 0
12 1 13 1 0 0
12 1 14 1 0 0
12 1 15 1 0 0
12 2 11 1 0 0
12 2 12 1 0 0
12 2 13 1 0 0
12 2 14 1 0 0
12 2 15 1 0 0
12 3 10 1 0 0
12 3 11 1 0 0
12 3 12 1 0 0
12 3 13 1 0 0
12 3 14 1 0 0
12 4 9 1 0 0
12 4 10 1 0 0
12 4 11 1 0 0
12 4 12 1 0 0
12 4 13 1 0 0
12 5 8 1 0 0
12 5 9 1 0 0
12 5 10 1 0 0
12 5 11 1 0 0
12 5 12 1 0 0
12 6 7 1 0 0
12 6 8 1 0 0
12 6 9 1 0 0
12 6 10 1 0 0
12 6 11 1 0 0
12 7 6 1 0 0
12 7 7 1 0 0
12 7 8 1 0 0
12 7 9 1 0 0
12 7 10 1 0 0
12 8 5 1 0 0
12 8 6 1 0 0
12 8 7 1 0 0
12 8 8 1 0 0
12 8 9 1 0 0
12 9 4 1 0 0
12 9 5 1 0 0
12 9 6 1 0 0
12 9 7 1 0 0
12 9 8 1 0 0
12 10 3 1 0 0
12 10 4 1 0 0
12 10 5 1 0 0
12 10 6 1 0 0
12 10 7 1 0 0
12 11 2 1 0 0
12 11 3 1 0 0
12 11 4 1 0 0
12 11 5 1 0 0
12 11 6 1 0 0
12 12 1 1 0 0
12 12 2 1 0 0
12 12 3 1 0 0
12 12 4 1 0 0
12 12 5 1 0 0
12 13 0 1 0 0
12 13 1 1 0 0
12 13 2 1 0 0
12 13 3 1 0 0
12 13 4 1 0 0
12 14 0 1 0 0
12 14 1 1 0 0
12 14 2 1 0 0
12 14 3 1 0 0
12 15 0 1 0 0
12 15 1 1 0 0
12 15 2 1 0 0
13 0 13 1 0 0
13 0 14 1 0 0
13 0 15 1 0 0
13 1 12 1 0 0
13 1 13 1 0 0
13 1 14 1 0 0
13 1 15 1 0 0
13 2 11 1 0 0
13 2 12 1 0 0
13 2 13 1 0 0
13 2 14 1 0 0
13 2 15 1 0 0
13 3 10 1 0 0
13 3 11 1 0 0
13 3 12 1 0 0
13 3 13 1 0 0
13 3 14 1 0 0
13 4 9 1 0 0
13 4 10 1 0 0
13 4 11 1 0 0
13 4 12 1 0 0
13 4 13 1 0 0
13 5 8 1 0 0
13 5 9 1 0 0
13 5 10 1 0 0
13 5 11 1 0 0
13 5 12 1 0 0
13 6 7 1 0 0
13 6 8 1 0 0
13 6 9 1 0 0
13 6 10 1 0 0
13 6 11 1 0 0
13 7 6 1 0 0
13 7 7 1 0 0
13 7 8 1 0 0
13 7 9 1 0 0
13 7 10 1 0 0
13 8 5 1 0 0
13 8 6 1 0 0
13 8 7 1 0 0
13 8 8 1 0 0
13 8 9 1 0 0
13 9 4 1 0 0
13 9 5 1 0 0
13 9 6 1 0 0
13 9 7 1 0 0
13 9 8 1 0 0
13 10 3 1 0 0
13 10 4 1 0 0
13 10 5 1 0 0
13 10 6 1 0 0
13 10 7 1 0 0
13 11 2 1 0 0
13 11 3 1 0 0
13 11 4 1 0 0
13 11 5 1 0 0
13 11 6 1 0 0
13 12 1 1 0 0
13 12 2 1 0 0
13 12 3 1 0 0
13 12 4 1 0 0
13 12 5 1 0 0
13 13 0 1 0 0
13 13 1 1 0 0
13 13 2 1 0 0
13 13 3 1 0 0
13 13 4 1 0 0
13 14 0 1 0 0
13 14 1 1 0 0
13 14 2 1 0 0
13 14 3 1 0 0
13 15 0 1 0 0
13 15 1 1 0 0
13 15 2 1 0 0
14 0 13 1 0 0
14 0 14 1 0 0
14 0 15 1 0 0
14 1 12 1 0 0
14 1 13 1 0 0
14 1 14 1 0 0
14 1 15 1 0 0
14 2 11 1 0 0
14 2 12 1 0 0
14 2 13 1 0 0
14 2 14 1 0 0
14 2 15 1 0 0
14 3 10 1 0 0
14 3 11 1 0 0
14 3 12 1 0 0
14 3 13 1 0 0
14 3 14 1 0 0
14 4 9 1 0 0
14 4 10 1 0 0
14 4 11 1 0 0
14 4 12 1 0 0
14 4 13 1 0 0
14 5 8 1 0 0
14 5 9 1 0 0
14 5 10 1 0 0
14 5 11 1 0 0
14 5 12 1 0 0
14 6 7 1 0 0
14 6 8 1 0 0
14 6 9 1 0 0
14 6 10 1 0 0
14 6 11 1 0 0
14 7 6 1 0 0
14 7 7 1 0 0
14 7 8 1 0 0
14 7 9 1 0 0
14 7 10 1 0 0
14 8 5 1 0 0
14 8 6 1 0 0
14 8 7 1 0 0
14 8 8 1 0 0
14 8 9 1 0 0
14 9 4 1 0 0
14 9 5 1 0 0
14 9 6 1 0 0
14 9 7 1 0 0
14 9 8 1 0 0
14 10 3 1 0 0
14 10 4 1 0 0
14 10 5 1 0 0
14 10 6 1 0 0
14 10 7 1 0 0
14 11 2 1 0 0
14 11 3 1 0 0
14 11 4 1 0 0
14 11 5 1 0 0
14 11 6 1 0 0
14 12 1 1 0 0
14 12 2 1 0 0
14 12 3 1 0 0
14 12 4 1 0 0
14 12 5 1 0 0
14 13 0 1 0 0
14 13 1 1 0 0
14 13 2 1 0 0
14 13 3 1 0 0
14 13 4 1 0 0
14 14 0 1 0 0
14 14 1 1 0 0
14 14 2 1 0 0
14 14 3 1 0 0
14 15 0 1 0 0
14 15 1 1 0 0
14 15 2 1 0 0
15 0 13 1 0 0
15 0 14 1 0 0
15 0 15 1 0 0
15 1 12 1 0 0
15 1 13 1 0 0
15 1 14 1 0 0
15 1 15 1 0 0
15 2 11 1 0 0
15 2 12 1 0 0
15 2 13 1 0 0
15 2 14 1 0 0
15 2 15 1 0 0
15 3 10 1 0 0
15 3 11 1 0 0
15 3 12 1 0 0
15 3 13 1 0 0
15 3 14 1 0 0
15 4 9 1 0 0
15 4 10 1 0 0
15 4 11 1 0 0
15 4 12 1 0 0
15 4 13 1 0 0
15 5 8 1 0 0
15 5 9 1 0 0
15 5 10 1 0 0
15 5 11 1 0 0
15 5 12 1 0 0
15 6 7 1 0 0
15 6 8 1 0 0
15 6 9 1 0 0
15 6 10 1 0 0
15 6 11 1 0 0
15 7 6 1 0 0
15 7 7 1 0 0
15 7 8 1 0 0
15 7 9 1 0 0
15 7 10 1 0 0
15 8 5 1 0 0
15 8 6 1 0 0
15 8 7 1 0 0
15 8 8 1 0 0
15 8 9 1 0 0
15 9 4 1 0 0
15 9 5 1 0 0
15 9 6 1 0 0
15 9 7 1 0 0
15 9 8 1 0 0
15 10 3 1 0 0
15 10 4 1 0 0
15 10 5 1 0 0
15 10 6 1 0 0
15 10 7 1 0 0
15 11 2 1 0 0
15 11 3 1 0 0
15 11 4 1 0 0
15 11 5 1 0 0
15 11 6 1 0 0
15 12 1 1 0 0
15 12 2 1 0 0
15 12 3 1 0 0
15 12 4 1 0 0
15 12 5 1 0 0
15 13 0 1 0 0
15 13 1 1 0 0
15 13 2 1 0 0
15 13 3 1 0 0
15 13 4 1 0 0
15 14 0 1 0 0
15 14 1 1 0 0
15 14 2 1 0 0
15 14 3 1 0 0
15 15 0 1 0 0
15 15 1 1 0 0
15 15 2 1 0 0
