4
0.25
7 0 7 1 0 0
7 0 8 1 0 0
7 0 9 1 0 0
7 1 7 1 0 0
7 1 8 1 0 0
7 1 9 1 0 0
7 2 7 1 0 0
7 2 8 1 0 0
7 2 9 1 0 0
7 3 7 1 0 0
7 3 8 1 0 0
7 3 9 1 0 0
7 4 7 1 0 0
7 4 8 1 0 0
7 4 9 1 0 0
7 5 7 1 0 0
7 5 8 1 0 0
7 5 9 1 0 0
7 6 7 1 0 0
7 6 8 1 0 0
7 6 9 1 0 0
7 7 7 1 0 0
7 7 8 1 0 0
7 7 9 1 0 0
7 8 7 1 0 0
7 8 8 1 0 0
7 8 9 1 0 0
7 9 7 1 0 0
7 9 8 1 0 0
7 9 9 1 0 0
7 10 7 1 0 0
7 10 8 1 0 0
7 10 9 1 0 0
7 11 7 1 0 0
7 11 8 1 0 0
7 11 9 1 0 0
7 12 7 1 0 0
7 12 8 1 0 0
7 12 9 1 0 0
7 13 7 1 0 0
7 13 8 1 0 0
7 13 9 1 0 0
7 14 7 1 0 0
7 14 8 1 0 0
7 14 9 1 0 0
7 15 7 1 0 0
7 15 8 1 0 0
7 15 9 1 0 0
8 0 7 1 0 0
8 0 8 1 0 0
8 0 9 1 0 0
8 1 7 1 0 0
8 1 8 1 0 0
8 1 9 1 0 0
8 2 7 1 0 0
8 2 8 1 0 0
8 2 9 1 0 0
8 3 7 1 0 0
8 3 8 1 0 0
8 3 9 1 0 0
8 4 7 1 0 0
8 4 8 1 0 0
8 4 9 1 0 0
8 5 7 1 0 0
8 5 8 1 0 0
8 5 9 1 0 0
8 6 7 1 0 0
8 6 8 1 0 0
8 6 9 1 0 0
8 7 7 1 0 0
8 7 8 1 0 0
8 7 9 1 0 0
8 8 7 1 0 0
8 8 8 1 0 0
8 8 9 1 0 0
8 9 7 1 0 0
8 9 8 1 0 0
8 9 9 1 0 0
8 10 7 1 0 0
8 10 8 1 0 0
8 10 9 1 0 0
8 11 7 1 0 0
8 11 8 1 0 0
8 11 9 1 0 0
8 12 7 1 0 0
8 12 8 1 0 0
8 12 9 1 0 0
8 13 7 1 0 0
8 13 8 1 0 0
8 13 9 1 0 0
8 14 7 1 0 0
8 14 8 1 0 0
8 14 9 1 0 0
8 15 7 1 0 0
8 15 8 1 0 0
8 15 9 1 0 0
9 0 7 1 0 0
9 0 8 1 0 0
9 0 9 1 0 0
9 1 7 1 0 0
9 1 8 1 0 0
9 1 9 1 0 0
9 2 7 1 0 0
9 2 8 1 0 0
9 2 9 1 0 0
9 3 7 1 0 0
9 3 8 1 0 0
9 3 9 1 0 0
9 4 7 1 0 0
9 4 8 1 0 0
9 4 9 1 0 0
9 5 7 1 0 0
9 5 8 1 0 0
9 5 9 1 0 0
9 6 7 1 0 0
9 6 8 1 0 0
9 6 9 1 0 0
9 7 7 1 0 0
9 7 8 1 0 0
9 7 9 1 0 0
9 8 7 1 0 0
9 8 8 1 0 0
9 8 9 1 0 0
9 9 7 1 0 0
9 9 8 1 0 0
9 9 9 1 0 0
9 10 7 1 0 0
9 10 8 1 0 0
9 10 9 1 0 0
9 11 7 1 0 0
9 11 8 1 0 0
9 11 9 1 0 0
9 12 7 1 0 0
9 12 8 1 0 0
9 12 9 1 0 0
9 13 7 1 0 0
9 13 8 1 0 0
9 13 9 1 0 0
9 14 7 1 0 0
9 14 8 1 0 0
9 14 9 1 0 0
9 15 7 1 0 0
9 15 8 1 0 0
9 15 9 1 0 0
10 0 7 1 0 0
10 0 8 1 0 0
10 0 9 1 0 0
10 1 7 1 0 0
10 1 8 1 0 0
10 1 9 1 0 0
10 2 7 1 0 0
10 2 8 1 0 0
10 2 9 1 0 0
10 3 7 1 0 0
10 3 8 1 0 0
10 3 9 1 0 0
10 4 7 1 0 0
10 4 8 1 0 0
10 4 9 1 0 0
10 5 7 1 0 0
10 5 8 1 0 0
10 5 9 1 0 0
10 6 7 1 0 0
10 6 8 1 0 0
10 6 9 1 0 0
10 7 7 1 0 0
10 7 8 1 0 0
10 7 9 1 0 0
10 8 7 1 0 0
10 8 8 1 0 0
10 8 9 1 0 0
10 9 7 1 0 0
10 9 8 1 0 0
10 9 9 1 0 0
10 10 7 1 0 0
10 10 8 1 0 0
10 10 9 1 0 0
10 11 7 1 0 0
10 11 8 1 0 0
10 11 9 1 0 0
10 12 7 1 0 0
10 12 8 1 0 0
10 12 9 1 0 0
10 13 7 1 0 0
10 13 8 1 0 0
10 13 9 1 0 0
10 14 7 1 0 0
10 14 8 1 0 0
10 14 9 1 0 0
10 15 7 1 0 0
10 15 8 1 0 0
10 15 9 1 0 0
11 0 7 1 0 0
11 0 8 1 0 0
11 0 9 1 0 0
11 1 7 1 0 0
11 1 8 1 0 0
11 1 9 1 0 0
11 2 7 1 0 0
11 2 8 1 0 0
11 2 9 1 0 0
11 3 7 1 0 0
11 3 8 1 0 0
11 3 9 1 0 0
11 4 7 1 0 0
11 4 8 1 0 0
11 4 9 1 0 0
11 5 7 1 0 0
11 5 8 1 0 0
11 5 9 1 0 0
11 6 7 1 0 0
11 6 8 1 0 0
11 6 9 1 0 0
11 7 7 1 0 0
11 7 8 1 0 0
11 7 9 1 0 0
11 8 7 1 0 0
11 8 8 1 0 0
11 8 9 1 0 0
11 9 7 1 0 0
11 9 8 1 0 0
11 9 9 1 0 0
11 10 7 1 0 0
11 10 8 1 0 0
11 10 9 1 0 0
11 11 7 1 0 0
11 11 8 1 0 0
11 11 9 1 0 0
11 12 7 1 0 0
11 12 8 1 0 0
11 12 9 1 0 0
11 13 7 1 0 0
11 13 8 1 0 0
11 13 9 1 0 0
11 14 7 1 0 0
11 14 8 1 0 0
11 14 9 1 0 0
11 15 7 1 0 0
11 15 8 1 0 0
11 15 9 1 0 0
12 0 7 1 0 0
12 0 8 1 0 0
12 0 9 1 0 0
12 1 7 1 0 0
12 1 8 1 0 0
12 1 9 1 0 0
12 2 7 1 0 0
12 2 8 1 0 0
12 2 9 1 0 0
12 3 7 1 0 0
12 3 8 1 0 0
12 3 9 1 0 0
12 4 7 1 0 0
12 4 8 1 0 0
12 4 9 1 0 0
12 5 7 1 0 0
12 5 8 1 0 0
12 5 9 1 0 0
12 6 7 1 0 0
12 6 8 1 0 0
12 6 9 1 0 0
12 7 7 1 0 0
12 7 8 1 0 0
12 7 9 1 0 0
12 8 7 1 0 0
12 8 8 1 0 0
12 8 9 1 0 0
12 9 7 1 0 0
12 9 8 1 0 0
12 9 9 1 0 0
12 10 7 1 0 0
12 10 8 1 0 0
12 10 9 1 0 0
12 11 7 1 0 0
12 11 8 1 0 0
12 11 9 1 0 0
12 12 7 1 0 0
12 12 8 1 0 0
12 12 9 1 0 0
12 13 7 1 0 0
12 13 8 1 0 0
12 13 9 1 0 0
12 14 7 1 0 0
12 14 8 1 0 0
12 14 9 1 0 0
12 15 7 1 0 0
12 15 8 1 0 0
12 15 9 1 0 0
13 0 7 1 0 0
13 0 8 1 0 0
13 0 9 1 0 0
13 1 7 1 0 0
13 1 8 1 0 0
13 1 9 1 0 0
13 2 7 1 0 0
13 2 8 1 0 0
13 2 9 1 0 0
13 3 7 1 0 0
13 3 8 1 0 0
13 3 9 1 0 0
13 4 7 1 0 0
13 4 8 1 0 0
13 4 9 1 0 0
13 5 7 1 0 0
13 5 8 1 0 0
13 5 9 1 0 0
13 6 7 1 0 0
13 6 8 1 0 0
13 6 9 1 0 0
13 7 7 1 0 0
13 7 8 1 0 0
13 7 9 1 0 0
13 8 7 1 0 0
13 8 8 1 0 0
13 8 9 1 0 0
13 9 7 1 0 0
13 9 8 1 0 0
13 9 9 1 0 0
13 10 7 1 0 0
13 10 8 1 0 0
13 10 9 1 0 0
13 11 7 1 0 0
13 11 8 1 0 0
13 11 9 1 0 0
13 12 7 1 0 0
13 12 8 1 0 0
13 12 9 1 0 0
13 13 7 1 0 0
13 13 8 1 0 0
13 13 9 1 0 0
13 14 7 1 0 0
13 14 8 1 0 0
13 14 9 1 0 0
13 15 7 1 0 0
13 15 8 1 0 0
13 15 9 1 0 0
14 0 7 1 0 0
14 0 8 1 0 0
14 0 9 1 0 0
14 1 7 1 0 0
14 1 8 1 0 0
14 1 9 1 0 0
14 2 7 1 0 0
14 2 8 1 0 0
14 2 9 1 0 0
14 3 7 1 0 0
14 3 8 1 0 0
14 3 9 1 0 0
14 4 7 1 0 0
14 4 8 1 0 0
14 4 9 1 0 0
14 5 7 1 0 0
14 5 8 1 0 0
14 5 9 1 0 0
14 6 7 1 0 0
14 6 8 1 0 0
14 6 9 1 0 0
14 7 7 1 0 0
14 7 8 1 0 0
14 7 9 1 0 0
14 8 7 1 0 0
14 8 8 1 0 0
14 8 9 1 0 0
14 9 7 1 0 0
14 9 8 1 0 0
14 9 9 1 0 0
14 10 7 1 0 0
14 10 8 1 0 0
14 10 9 1 0 0
14 11 7 1 0 0
14 11 8 1 0 0
14 11 9 1 0 0
14 12 7 1 0 0
14 12 8 1 0 0
14 12 9 1 0 0
14 13 7 1 0 0
14 13 8 1 0 0
14 13 9 1 0 0
14 14 7 1 0 0
14 14 8 1 0 0
14 14 9 1 0 0
14 15 7 1 0 0
14 15 8 1 0 0
14 15 9 1 0 0
15 0 7 1 0 0
15 0 8 1 0 0
15 0 9 1 0 0
15 1 7 1 0 0
15 1 8 1 0 0
15 1 9 1 0 0
15 2 7 1 0 0
15 2 8 1 0 0
15 2 9 1 0 0
15 3 7 1 0 0
15 3 8 1 0 0
15 3 9 1 0 0
15 4 7 1 0 0
15 4 8 1 0 0
15 4 9 1 0 0
15 5 7 1 0 0
15 5 8 1 0 0
15 5 9 1 0 0
15 6 7 1 0 0
15 6 8 1 0 0
15 6 9 1 0 0
15 7 7 1 0 0
15 7 8 1 0 0
15 7 9 1 0 0
15 8 7 1 0 0
15 8 8 1 0 0
15 8 9 1 0 0
15 9 7 1 0 0
15 9 8 1 0 0
15 9 9 1 0 0
15 10 7 1 0 0
15 10 8 1 0 0
15 10 9 1 0 0
15 11 7 1 0 0
15 11 8 1 0 0
15 11 9 1 0 0
15 12 7 1 0 0
15 12 8 1 0 0
15 12 9 1 0 0
15 13 7 1 0 0
15 13 8 1 0 0
15 13 9 1 0 0
15 14 7 1 0 0
15 14 8 1 0 0
15 14 9 1 0 0
15 15 7 1 0 0
15 15 8 1 0 0
15 15 9 1 0 0
